Welcome to Danial Beg's Feature Selection Algorithm!

Type in the name of the file to test: CS170_largetestdata__3.txt
Type the number of the algorithm you want to run:

1. Foward Selection
2. Backward Elimination

2

This dataset has 100 features.


Feature set {1, 2, 3, 4, 5, 6, 7, 8, 9, 10, 11, 12, 13, 14, 15, 16, 17, 18, 19, 20, 21, 22, 23, 24, 25, 26, 27, 28, 29, 30, 31, 32, 33, 34, 35, 36, 37, 38, 39, 40, 41, 42, 43, 44, 45, 46, 47, 48, 49, 50, 51, 52, 53, 54, 55, 56, 57, 58, 59, 60, 61, 62, 63, 64, 65, 66, 67, 68, 69, 70, 71, 72, 73, 74, 75, 76, 77, 78, 79, 80, 81, 82, 83, 84, 85, 86, 87, 88, 89, 90, 91, 92, 93, 94, 95, 96, 97, 98, 99, 100} was best, accuracy is 73.4%

Feature set {1, 2, 3, 4, 5, 6, 7, 8, 9, 10, 11, 12, 13, 14, 15, 16, 17, 18, 19, 20, 21, 22, 23, 25, 26, 27, 28, 29, 30, 31, 32, 33, 34, 35, 36, 37, 38, 39, 40, 41, 42, 43, 44, 45, 46, 47, 48, 49, 50, 51, 52, 53, 54, 55, 56, 57, 58, 59, 60, 61, 62, 63, 64, 65, 66, 67, 68, 69, 70, 71, 72, 73, 74, 75, 76, 77, 78, 79, 80, 81, 82, 83, 84, 85, 86, 87, 88, 89, 90, 91, 92, 93, 94, 95, 96, 97, 98, 99, 100} was best, accuracy is 75.4%

Feature set {1, 2, 3, 4, 5, 6, 7, 8, 9, 10, 11, 12, 13, 14, 15, 16, 17, 18, 19, 20, 21, 22, 23, 25, 26, 27, 28, 29, 30, 31, 32, 33, 34, 35, 36, 37, 38, 39, 40, 41, 42, 43, 44, 45, 46, 47, 48, 49, 50, 51, 52, 53, 54, 55, 56, 57, 58, 59, 60, 61, 62, 63, 64, 65, 66, 67, 68, 69, 70, 71, 72, 73, 74, 75, 76, 77, 78, 79, 80, 81, 82, 83, 84, 85, 86, 87, 88, 90, 91, 92, 93, 94, 95, 96, 97, 98, 99, 100} was best, accuracy is 76.2%

Feature set {1, 2, 3, 4, 5, 6, 7, 8, 9, 10, 11, 12, 14, 15, 16, 17, 18, 19, 20, 21, 22, 23, 25, 26, 27, 28, 29, 30, 31, 32, 33, 34, 35, 36, 37, 38, 39, 40, 41, 42, 43, 44, 45, 46, 47, 48, 49, 50, 51, 52, 53, 54, 55, 56, 57, 58, 59, 60, 61, 62, 63, 64, 65, 66, 67, 68, 69, 70, 71, 72, 73, 74, 75, 76, 77, 78, 79, 80, 81, 82, 83, 84, 85, 86, 87, 88, 90, 91, 92, 93, 94, 95, 96, 97, 98, 99, 100} was best, accuracy is 77.2%

Feature set {1, 2, 3, 4, 5, 6, 7, 8, 9, 10, 11, 12, 14, 15, 16, 17, 18, 19, 20, 21, 22, 23, 25, 26, 27, 28, 29, 30, 31, 32, 33, 34, 35, 36, 37, 38, 39, 40, 41, 42, 43, 44, 45, 46, 47, 48, 49, 50, 51, 52, 53, 54, 55, 56, 57, 58, 59, 60, 61, 62, 63, 64, 65, 66, 67, 68, 69, 70, 71, 72, 73, 74, 75, 77, 78, 79, 80, 81, 82, 83, 84, 85, 86, 87, 88, 90, 91, 92, 93, 94, 95, 96, 97, 98, 99, 100} was best, accuracy is 77.4%

Feature set {1, 2, 3, 4, 5, 6, 7, 8, 9, 10, 11, 12, 14, 15, 16, 17, 18, 19, 20, 21, 22, 23, 25, 26, 27, 28, 29, 30, 31, 32, 33, 34, 35, 36, 37, 39, 40, 41, 42, 43, 44, 45, 46, 47, 48, 49, 50, 51, 52, 53, 54, 55, 56, 57, 58, 59, 60, 61, 62, 63, 64, 65, 66, 67, 68, 69, 70, 71, 72, 73, 74, 75, 77, 78, 79, 80, 81, 82, 83, 84, 85, 86, 87, 88, 90, 91, 92, 93, 94, 95, 96, 97, 98, 99, 100} was best, accuracy is 78.2%

Feature set {1, 2, 3, 4, 5, 6, 7, 8, 9, 10, 11, 12, 14, 15, 16, 17, 18, 19, 20, 21, 22, 23, 25, 26, 27, 28, 29, 30, 31, 32, 33, 34, 35, 36, 37, 39, 40, 41, 42, 43, 44, 45, 46, 47, 48, 49, 50, 51, 52, 53, 54, 55, 56, 57, 58, 59, 60, 61, 62, 63, 64, 65, 66, 67, 68, 69, 70, 71, 72, 73, 74, 75, 77, 78, 79, 80, 81, 82, 83, 84, 85, 86, 87, 88, 90, 91, 92, 93, 94, 96, 97, 98, 99, 100} was best, accuracy is 78.4%

Feature set {1, 2, 3, 4, 5, 6, 7, 8, 9, 10, 11, 12, 14, 15, 16, 17, 18, 19, 20, 21, 22, 23, 25, 26, 27, 28, 29, 30, 31, 32, 33, 34, 35, 36, 37, 39, 40, 41, 42, 43, 44, 45, 46, 47, 48, 49, 50, 51, 52, 53, 54, 55, 56, 57, 58, 59, 60, 61, 62, 63, 64, 65, 66, 67, 68, 69, 70, 71, 72, 73, 75, 77, 78, 79, 80, 81, 82, 83, 84, 85, 86, 87, 88, 90, 91, 92, 93, 94, 96, 97, 98, 99, 100} was best, accuracy is 79.4%

Feature set {1, 2, 3, 4, 5, 6, 7, 8, 9, 10, 11, 12, 14, 15, 16, 17, 18, 19, 20, 21, 22, 23, 25, 26, 27, 28, 29, 30, 31, 32, 33, 34, 35, 36, 37, 39, 40, 41, 42, 43, 44, 45, 46, 47, 48, 49, 50, 51, 52, 53, 54, 56, 57, 58, 59, 60, 61, 62, 63, 64, 65, 66, 67, 68, 69, 70, 71, 72, 73, 75, 77, 78, 79, 80, 81, 82, 83, 84, 85, 86, 87, 88, 90, 91, 92, 93, 94, 96, 97, 98, 99, 100} was best, accuracy is 80.2%

Feature set {1, 2, 3, 4, 5, 6, 7, 8, 9, 10, 11, 12, 14, 15, 16, 17, 18, 19, 20, 21, 22, 23, 25, 26, 27, 28, 29, 30, 31, 32, 33, 34, 35, 36, 37, 39, 40, 41, 42, 43, 44, 45, 46, 47, 48, 49, 50, 51, 53, 54, 56, 57, 58, 59, 60, 61, 62, 63, 64, 65, 66, 67, 68, 69, 70, 71, 72, 73, 75, 77, 78, 79, 80, 81, 82, 83, 84, 85, 86, 87, 88, 90, 91, 92, 93, 94, 96, 97, 98, 99, 100} was best, accuracy is 80.0%

Feature set {1, 2, 3, 4, 5, 6, 7, 8, 9, 10, 11, 12, 14, 15, 16, 17, 18, 19, 20, 21, 22, 23, 25, 26, 27, 28, 29, 30, 31, 32, 33, 34, 35, 36, 37, 39, 40, 41, 42, 43, 44, 45, 46, 47, 48, 49, 50, 51, 53, 54, 56, 58, 59, 60, 61, 62, 63, 64, 65, 66, 67, 68, 69, 70, 71, 72, 73, 75, 77, 78, 79, 80, 81, 82, 83, 84, 85, 86, 87, 88, 90, 91, 92, 93, 94, 96, 97, 98, 99, 100} was best, accuracy is 79.8%

Feature set {1, 2, 3, 4, 5, 6, 7, 8, 9, 10, 11, 12, 14, 15, 16, 17, 18, 19, 20, 21, 22, 23, 25, 26, 27, 28, 29, 30, 31, 32, 33, 34, 35, 36, 37, 39, 40, 41, 42, 43, 44, 45, 46, 47, 48, 49, 50, 51, 53, 54, 56, 58, 59, 60, 61, 62, 63, 64, 65, 66, 67, 68, 69, 70, 71, 72, 73, 75, 77, 78, 79, 80, 81, 82, 83, 84, 85, 86, 87, 88, 91, 92, 93, 94, 96, 97, 98, 99, 100} was best, accuracy is 80.8%

Feature set {1, 2, 3, 4, 5, 6, 7, 8, 9, 10, 11, 12, 14, 15, 16, 17, 18, 19, 20, 21, 22, 23, 25, 26, 27, 28, 29, 30, 31, 32, 33, 35, 36, 37, 39, 40, 41, 42, 43, 44, 45, 46, 47, 48, 49, 50, 51, 53, 54, 56, 58, 59, 60, 61, 62, 63, 64, 65, 66, 67, 68, 69, 70, 71, 72, 73, 75, 77, 78, 79, 80, 81, 82, 83, 84, 85, 86, 87, 88, 91, 92, 93, 94, 96, 97, 98, 99, 100} was best, accuracy is 80.6%

Feature set {1, 2, 3, 4, 5, 6, 7, 8, 9, 10, 11, 12, 14, 15, 16, 17, 18, 19, 20, 21, 22, 23, 25, 26, 27, 28, 29, 30, 31, 32, 33, 35, 36, 37, 39, 40, 41, 42, 43, 44, 45, 46, 47, 48, 49, 50, 51, 53, 54, 56, 58, 59, 60, 61, 62, 63, 64, 65, 66, 67, 68, 69, 71, 72, 73, 75, 77, 78, 79, 80, 81, 82, 83, 84, 85, 86, 87, 88, 91, 92, 93, 94, 96, 97, 98, 99, 100} was best, accuracy is 81.2%

Feature set {1, 2, 3, 4, 5, 6, 7, 8, 9, 10, 11, 12, 14, 15, 16, 17, 18, 19, 20, 21, 22, 23, 25, 26, 27, 28, 29, 30, 31, 32, 33, 35, 36, 37, 39, 40, 41, 42, 43, 44, 45, 46, 47, 48, 49, 50, 51, 53, 54, 56, 58, 59, 60, 61, 62, 63, 64, 65, 66, 67, 68, 69, 71, 72, 73, 75, 77, 78, 79, 80, 81, 83, 84, 85, 86, 87, 88, 91, 92, 93, 94, 96, 97, 98, 99, 100} was best, accuracy is 82.0%

Feature set {1, 2, 3, 4, 5, 6, 7, 8, 9, 10, 11, 12, 14, 15, 16, 17, 18, 19, 20, 21, 22, 23, 25, 26, 27, 28, 29, 30, 31, 32, 33, 35, 36, 37, 39, 40, 41, 42, 43, 44, 45, 46, 47, 48, 49, 50, 51, 53, 54, 56, 58, 59, 60, 61, 62, 63, 64, 65, 66, 67, 68, 69, 71, 72, 73, 75, 77, 78, 79, 81, 83, 84, 85, 86, 87, 88, 91, 92, 93, 94, 96, 97, 98, 99, 100} was best, accuracy is 82.6%

Feature set {1, 2, 3, 4, 5, 6, 7, 8, 9, 10, 11, 12, 14, 15, 16, 17, 18, 19, 20, 21, 22, 23, 25, 26, 27, 28, 29, 30, 31, 32, 33, 35, 36, 37, 39, 41, 42, 43, 44, 45, 46, 47, 48, 49, 50, 51, 53, 54, 56, 58, 59, 60, 61, 62, 63, 64, 65, 66, 67, 68, 69, 71, 72, 73, 75, 77, 78, 79, 81, 83, 84, 85, 86, 87, 88, 91, 92, 93, 94, 96, 97, 98, 99, 100} was best, accuracy is 82.8%

Feature set {1, 2, 3, 4, 5, 6, 7, 8, 9, 10, 11, 12, 14, 15, 16, 17, 18, 19, 20, 21, 22, 23, 25, 26, 27, 28, 29, 30, 31, 32, 33, 35, 36, 37, 39, 41, 42, 43, 44, 45, 46, 47, 48, 49, 50, 51, 53, 54, 56, 58, 59, 60, 61, 62, 63, 64, 65, 66, 67, 68, 69, 71, 72, 73, 75, 77, 78, 79, 81, 83, 85, 86, 87, 88, 91, 92, 93, 94, 96, 97, 98, 99, 100} was best, accuracy is 83.0%

Feature set {1, 2, 3, 4, 5, 6, 7, 8, 9, 10, 11, 12, 14, 15, 16, 17, 18, 19, 20, 21, 22, 23, 25, 26, 27, 28, 29, 30, 31, 32, 33, 35, 36, 37, 39, 41, 42, 43, 44, 45, 46, 47, 48, 49, 50, 51, 53, 54, 56, 58, 59, 60, 61, 62, 63, 64, 65, 66, 67, 68, 69, 71, 72, 73, 75, 77, 79, 81, 83, 85, 86, 87, 88, 91, 92, 93, 94, 96, 97, 98, 99, 100} was best, accuracy is 83.0%

Feature set {1, 2, 3, 4, 5, 6, 7, 8, 9, 10, 11, 12, 14, 15, 16, 17, 18, 19, 20, 21, 22, 23, 25, 26, 27, 28, 29, 30, 31, 32, 33, 35, 36, 37, 39, 41, 42, 43, 44, 45, 46, 47, 48, 49, 50, 51, 53, 54, 56, 58, 59, 60, 61, 62, 63, 64, 65, 66, 67, 69, 71, 72, 73, 75, 77, 79, 81, 83, 85, 86, 87, 88, 91, 92, 93, 94, 96, 97, 98, 99, 100} was best, accuracy is 83.0%

Feature set {1, 2, 3, 4, 5, 6, 7, 8, 9, 10, 11, 12, 14, 15, 16, 17, 18, 19, 20, 21, 23, 25, 26, 27, 28, 29, 30, 31, 32, 33, 35, 36, 37, 39, 41, 42, 43, 44, 45, 46, 47, 48, 49, 50, 51, 53, 54, 56, 58, 59, 60, 61, 62, 63, 64, 65, 66, 67, 69, 71, 72, 73, 75, 77, 79, 81, 83, 85, 86, 87, 88, 91, 92, 93, 94, 96, 97, 98, 99, 100} was best, accuracy is 83.4%

Feature set {1, 2, 3, 4, 5, 6, 7, 8, 9, 10, 11, 12, 14, 15, 16, 17, 18, 19, 20, 21, 23, 25, 26, 27, 28, 29, 30, 31, 32, 33, 35, 36, 37, 39, 41, 42, 43, 44, 45, 46, 47, 48, 49, 50, 51, 53, 54, 56, 58, 59, 60, 61, 62, 63, 64, 65, 66, 67, 69, 71, 72, 73, 75, 77, 79, 81, 83, 85, 86, 87, 88, 91, 92, 93, 96, 97, 98, 99, 100} was best, accuracy is 83.0%

Feature set {1, 2, 3, 4, 5, 6, 7, 8, 9, 10, 11, 12, 14, 15, 16, 17, 18, 19, 20, 21, 23, 25, 26, 27, 28, 29, 30, 31, 32, 33, 35, 36, 37, 39, 41, 42, 43, 44, 45, 46, 47, 48, 49, 50, 51, 53, 54, 56, 58, 59, 60, 61, 62, 63, 64, 65, 66, 67, 69, 71, 72, 73, 75, 77, 79, 81, 83, 85, 86, 88, 91, 92, 93, 96, 97, 98, 99, 100} was best, accuracy is 83.0%

Feature set {1, 2, 3, 4, 5, 6, 7, 8, 9, 10, 11, 12, 14, 15, 16, 17, 18, 19, 20, 21, 23, 25, 26, 27, 28, 29, 30, 31, 32, 33, 35, 36, 37, 39, 41, 42, 43, 44, 45, 46, 47, 48, 49, 50, 51, 53, 54, 56, 58, 59, 60, 61, 62, 63, 64, 65, 66, 67, 69, 71, 72, 73, 75, 77, 79, 81, 83, 85, 86, 88, 91, 92, 93, 96, 97, 98, 100} was best, accuracy is 83.4%

Feature set {1, 2, 3, 4, 5, 6, 7, 8, 9, 10, 11, 12, 14, 15, 16, 18, 19, 20, 21, 23, 25, 26, 27, 28, 29, 30, 31, 32, 33, 35, 36, 37, 39, 41, 42, 43, 44, 45, 46, 47, 48, 49, 50, 51, 53, 54, 56, 58, 59, 60, 61, 62, 63, 64, 65, 66, 67, 69, 71, 72, 73, 75, 77, 79, 81, 83, 85, 86, 88, 91, 92, 93, 96, 97, 98, 100} was best, accuracy is 83.4%

Feature set {1, 2, 3, 4, 5, 6, 7, 8, 9, 10, 11, 12, 14, 15, 16, 18, 19, 20, 21, 23, 25, 26, 27, 28, 29, 30, 31, 32, 33, 35, 37, 39, 41, 42, 43, 44, 45, 46, 47, 48, 49, 50, 51, 53, 54, 56, 58, 59, 60, 61, 62, 63, 64, 65, 66, 67, 69, 71, 72, 73, 75, 77, 79, 81, 83, 85, 86, 88, 91, 92, 93, 96, 97, 98, 100} was best, accuracy is 83.8%

Feature set {1, 2, 3, 4, 5, 6, 7, 8, 9, 10, 11, 12, 14, 15, 16, 18, 19, 20, 21, 23, 25, 26, 27, 28, 29, 30, 31, 32, 33, 35, 37, 39, 41, 42, 43, 44, 45, 46, 47, 48, 49, 50, 51, 53, 54, 56, 58, 59, 60, 61, 62, 63, 64, 65, 66, 67, 69, 71, 72, 73, 75, 77, 79, 81, 83, 85, 86, 88, 91, 92, 93, 96, 98, 100} was best, accuracy is 84.0%

Feature set {1, 2, 3, 4, 5, 6, 7, 8, 9, 10, 11, 12, 14, 15, 16, 18, 19, 20, 21, 23, 25, 26, 27, 28, 29, 30, 31, 32, 33, 35, 37, 39, 41, 42, 43, 44, 45, 46, 47, 48, 49, 50, 51, 53, 54, 56, 58, 59, 60, 61, 62, 63, 64, 65, 66, 67, 69, 71, 72, 73, 75, 77, 79, 81, 83, 85, 86, 88, 91, 92, 93, 98, 100} was best, accuracy is 84.2%

Feature set {1, 2, 3, 4, 5, 6, 7, 8, 9, 10, 11, 12, 14, 15, 16, 18, 20, 21, 23, 25, 26, 27, 28, 29, 30, 31, 32, 33, 35, 37, 39, 41, 42, 43, 44, 45, 46, 47, 48, 49, 50, 51, 53, 54, 56, 58, 59, 60, 61, 62, 63, 64, 65, 66, 67, 69, 71, 72, 73, 75, 77, 79, 81, 83, 85, 86, 88, 91, 92, 93, 98, 100} was best, accuracy is 84.4%

Feature set {1, 2, 3, 4, 5, 6, 7, 8, 9, 10, 11, 12, 14, 15, 16, 18, 20, 21, 23, 25, 26, 27, 28, 29, 30, 31, 32, 33, 35, 37, 39, 41, 42, 43, 44, 45, 46, 47, 48, 49, 50, 51, 53, 54, 58, 59, 60, 61, 62, 63, 64, 65, 66, 67, 69, 71, 72, 73, 75, 77, 79, 81, 83, 85, 86, 88, 91, 92, 93, 98, 100} was best, accuracy is 84.4%

Feature set {1, 2, 3, 4, 5, 6, 7, 8, 9, 10, 11, 12, 14, 15, 16, 18, 20, 21, 23, 25, 26, 27, 28, 29, 30, 31, 32, 33, 35, 37, 39, 41, 42, 43, 44, 45, 46, 47, 48, 49, 50, 51, 53, 54, 58, 59, 60, 61, 62, 63, 64, 65, 66, 67, 69, 71, 72, 73, 75, 77, 79, 81, 85, 86, 88, 91, 92, 93, 98, 100} was best, accuracy is 84.2%

Feature set {1, 2, 3, 4, 5, 6, 7, 8, 9, 10, 11, 12, 14, 15, 16, 18, 20, 21, 23, 25, 26, 27, 28, 29, 30, 31, 32, 33, 35, 37, 39, 41, 42, 43, 44, 45, 46, 47, 48, 49, 50, 51, 53, 54, 58, 59, 60, 61, 63, 64, 65, 66, 67, 69, 71, 72, 73, 75, 77, 79, 81, 85, 86, 88, 91, 92, 93, 98, 100} was best, accuracy is 83.8%

Feature set {1, 2, 3, 4, 5, 6, 7, 8, 9, 10, 11, 12, 14, 15, 16, 18, 20, 21, 23, 25, 26, 27, 28, 29, 30, 31, 32, 33, 35, 37, 39, 41, 42, 43, 44, 45, 46, 47, 48, 49, 50, 51, 53, 54, 58, 59, 60, 61, 63, 64, 65, 66, 67, 69, 71, 72, 73, 75, 77, 79, 85, 86, 88, 91, 92, 93, 98, 100} was best, accuracy is 83.0%

Feature set {1, 2, 3, 4, 5, 6, 7, 8, 9, 10, 11, 12, 14, 15, 16, 18, 20, 21, 23, 25, 26, 27, 28, 29, 30, 31, 32, 33, 35, 37, 39, 41, 42, 43, 44, 45, 47, 48, 49, 50, 51, 53, 54, 58, 59, 60, 61, 63, 64, 65, 66, 67, 69, 71, 72, 73, 75, 77, 79, 85, 86, 88, 91, 92, 93, 98, 100} was best, accuracy is 83.2%

Feature set {1, 2, 3, 4, 5, 6, 7, 8, 9, 10, 11, 12, 14, 15, 16, 18, 20, 21, 23, 25, 26, 27, 28, 29, 30, 31, 32, 33, 35, 37, 39, 41, 42, 43, 44, 45, 47, 48, 49, 50, 51, 53, 54, 58, 59, 60, 61, 63, 64, 65, 66, 67, 69, 72, 73, 75, 77, 79, 85, 86, 88, 91, 92, 93, 98, 100} was best, accuracy is 83.6%

Feature set {1, 3, 4, 5, 6, 7, 8, 9, 10, 11, 12, 14, 15, 16, 18, 20, 21, 23, 25, 26, 27, 28, 29, 30, 31, 32, 33, 35, 37, 39, 41, 42, 43, 44, 45, 47, 48, 49, 50, 51, 53, 54, 58, 59, 60, 61, 63, 64, 65, 66, 67, 69, 72, 73, 75, 77, 79, 85, 86, 88, 91, 92, 93, 98, 100} was best, accuracy is 84.2%

Feature set {1, 3, 4, 5, 6, 7, 8, 9, 10, 11, 12, 14, 15, 16, 18, 20, 21, 23, 26, 27, 28, 29, 30, 31, 32, 33, 35, 37, 39, 41, 42, 43, 44, 45, 47, 48, 49, 50, 51, 53, 54, 58, 59, 60, 61, 63, 64, 65, 66, 67, 69, 72, 73, 75, 77, 79, 85, 86, 88, 91, 92, 93, 98, 100} was best, accuracy is 83.8%

Feature set {1, 3, 4, 5, 6, 8, 9, 10, 11, 12, 14, 15, 16, 18, 20, 21, 23, 26, 27, 28, 29, 30, 31, 32, 33, 35, 37, 39, 41, 42, 43, 44, 45, 47, 48, 49, 50, 51, 53, 54, 58, 59, 60, 61, 63, 64, 65, 66, 67, 69, 72, 73, 75, 77, 79, 85, 86, 88, 91, 92, 93, 98, 100} was best, accuracy is 83.8%

Feature set {1, 3, 4, 5, 6, 8, 9, 10, 11, 12, 14, 15, 16, 18, 20, 21, 23, 26, 27, 28, 29, 30, 31, 32, 33, 35, 37, 39, 41, 42, 43, 44, 45, 47, 48, 49, 50, 51, 53, 54, 58, 59, 60, 61, 64, 65, 66, 67, 69, 72, 73, 75, 77, 79, 85, 86, 88, 91, 92, 93, 98, 100} was best, accuracy is 83.4%

Feature set {1, 3, 4, 5, 6, 8, 9, 10, 11, 14, 15, 16, 18, 20, 21, 23, 26, 27, 28, 29, 30, 31, 32, 33, 35, 37, 39, 41, 42, 43, 44, 45, 47, 48, 49, 50, 51, 53, 54, 58, 59, 60, 61, 64, 65, 66, 67, 69, 72, 73, 75, 77, 79, 85, 86, 88, 91, 92, 93, 98, 100} was best, accuracy is 84.6%

Feature set {1, 3, 4, 5, 6, 8, 9, 10, 11, 14, 15, 16, 18, 20, 21, 23, 26, 27, 28, 29, 30, 31, 32, 33, 35, 37, 39, 41, 42, 43, 44, 45, 47, 48, 49, 50, 51, 53, 54, 58, 60, 61, 64, 65, 66, 67, 69, 72, 73, 75, 77, 79, 85, 86, 88, 91, 92, 93, 98, 100} was best, accuracy is 84.8%

Feature set {1, 3, 4, 5, 6, 8, 9, 10, 11, 14, 15, 16, 18, 20, 21, 23, 26, 27, 28, 29, 30, 31, 32, 33, 35, 37, 39, 41, 42, 44, 45, 47, 48, 49, 50, 51, 53, 54, 58, 60, 61, 64, 65, 66, 67, 69, 72, 73, 75, 77, 79, 85, 86, 88, 91, 92, 93, 98, 100} was best, accuracy is 85.2%

Feature set {1, 3, 4, 5, 6, 8, 9, 10, 11, 14, 15, 16, 18, 20, 21, 23, 26, 27, 29, 30, 31, 32, 33, 35, 37, 39, 41, 42, 44, 45, 47, 48, 49, 50, 51, 53, 54, 58, 60, 61, 64, 65, 66, 67, 69, 72, 73, 75, 77, 79, 85, 86, 88, 91, 92, 93, 98, 100} was best, accuracy is 85.0%

Feature set {1, 3, 4, 5, 6, 8, 9, 10, 11, 14, 15, 16, 18, 20, 21, 23, 26, 27, 29, 31, 32, 33, 35, 37, 39, 41, 42, 44, 45, 47, 48, 49, 50, 51, 53, 54, 58, 60, 61, 64, 65, 66, 67, 69, 72, 73, 75, 77, 79, 85, 86, 88, 91, 92, 93, 98, 100} was best, accuracy is 84.8%

Feature set {1, 4, 5, 6, 8, 9, 10, 11, 14, 15, 16, 18, 20, 21, 23, 26, 27, 29, 31, 32, 33, 35, 37, 39, 41, 42, 44, 45, 47, 48, 49, 50, 51, 53, 54, 58, 60, 61, 64, 65, 66, 67, 69, 72, 73, 75, 77, 79, 85, 86, 88, 91, 92, 93, 98, 100} was best, accuracy is 85.0%

Feature set {1, 4, 5, 6, 8, 9, 10, 11, 14, 15, 16, 18, 20, 21, 23, 26, 27, 29, 31, 32, 33, 35, 37, 39, 41, 42, 44, 45, 47, 48, 49, 50, 51, 53, 54, 58, 60, 61, 64, 65, 66, 67, 69, 73, 75, 77, 79, 85, 86, 88, 91, 92, 93, 98, 100} was best, accuracy is 85.4%

Feature set {1, 4, 5, 6, 8, 9, 10, 11, 14, 15, 16, 18, 20, 21, 23, 27, 29, 31, 32, 33, 35, 37, 39, 41, 42, 44, 45, 47, 48, 49, 50, 51, 53, 54, 58, 60, 61, 64, 65, 66, 67, 69, 73, 75, 77, 79, 85, 86, 88, 91, 92, 93, 98, 100} was best, accuracy is 85.2%

Feature set {1, 4, 5, 6, 8, 9, 10, 11, 14, 15, 16, 18, 20, 21, 23, 27, 29, 31, 32, 33, 35, 37, 39, 41, 42, 44, 45, 47, 48, 49, 50, 51, 53, 54, 58, 60, 61, 64, 65, 66, 67, 69, 73, 75, 77, 79, 85, 86, 88, 91, 92, 98, 100} was best, accuracy is 85.6%

Feature set {1, 4, 5, 6, 8, 9, 10, 11, 14, 15, 16, 18, 20, 21, 27, 29, 31, 32, 33, 35, 37, 39, 41, 42, 44, 45, 47, 48, 49, 50, 51, 53, 54, 58, 60, 61, 64, 65, 66, 67, 69, 73, 75, 77, 79, 85, 86, 88, 91, 92, 98, 100} was best, accuracy is 85.0%

Feature set {1, 4, 5, 6, 8, 9, 10, 11, 14, 15, 16, 18, 20, 21, 27, 29, 31, 32, 33, 35, 37, 39, 41, 42, 44, 45, 47, 49, 50, 51, 53, 54, 58, 60, 61, 64, 65, 66, 67, 69, 73, 75, 77, 79, 85, 86, 88, 91, 92, 98, 100} was best, accuracy is 86.0%

Feature set {1, 4, 5, 6, 8, 9, 10, 11, 14, 15, 16, 18, 20, 21, 27, 29, 31, 32, 33, 35, 37, 39, 42, 44, 45, 47, 49, 50, 51, 53, 54, 58, 60, 61, 64, 65, 66, 67, 69, 73, 75, 77, 79, 85, 86, 88, 91, 92, 98, 100} was best, accuracy is 85.6%

Feature set {1, 4, 5, 6, 8, 9, 10, 11, 14, 15, 16, 18, 20, 21, 27, 29, 31, 32, 33, 35, 37, 39, 42, 44, 45, 47, 49, 50, 51, 53, 54, 58, 60, 61, 64, 65, 66, 67, 69, 75, 77, 79, 85, 86, 88, 91, 92, 98, 100} was best, accuracy is 85.4%

Feature set {4, 5, 6, 8, 9, 10, 11, 14, 15, 16, 18, 20, 21, 27, 29, 31, 32, 33, 35, 37, 39, 42, 44, 45, 47, 49, 50, 51, 53, 54, 58, 60, 61, 64, 65, 66, 67, 69, 75, 77, 79, 85, 86, 88, 91, 92, 98, 100} was best, accuracy is 84.6%

Feature set {4, 5, 6, 8, 9, 10, 11, 14, 15, 16, 18, 20, 21, 27, 29, 31, 32, 33, 35, 37, 39, 42, 44, 45, 47, 49, 50, 51, 53, 54, 58, 60, 61, 64, 65, 66, 67, 69, 75, 77, 79, 85, 86, 88, 91, 92, 100} was best, accuracy is 84.4%

Feature set {4, 5, 6, 8, 9, 10, 11, 14, 15, 16, 18, 21, 27, 29, 31, 32, 33, 35, 37, 39, 42, 44, 45, 47, 49, 50, 51, 53, 54, 58, 60, 61, 64, 65, 66, 67, 69, 75, 77, 79, 85, 86, 88, 91, 92, 100} was best, accuracy is 84.0%

Feature set {4, 5, 6, 9, 10, 11, 14, 15, 16, 18, 21, 27, 29, 31, 32, 33, 35, 37, 39, 42, 44, 45, 47, 49, 50, 51, 53, 54, 58, 60, 61, 64, 65, 66, 67, 69, 75, 77, 79, 85, 86, 88, 91, 92, 100} was best, accuracy is 83.6%

Feature set {4, 5, 6, 9, 10, 11, 14, 16, 18, 21, 27, 29, 31, 32, 33, 35, 37, 39, 42, 44, 45, 47, 49, 50, 51, 53, 54, 58, 60, 61, 64, 65, 66, 67, 69, 75, 77, 79, 85, 86, 88, 91, 92, 100} was best, accuracy is 83.6%

Feature set {4, 5, 6, 9, 10, 11, 14, 16, 18, 21, 27, 29, 31, 32, 33, 35, 37, 39, 44, 45, 47, 49, 50, 51, 53, 54, 58, 60, 61, 64, 65, 66, 67, 69, 75, 77, 79, 85, 86, 88, 91, 92, 100} was best, accuracy is 83.8%

Feature set {4, 5, 6, 9, 10, 11, 14, 16, 18, 21, 27, 29, 31, 32, 33, 35, 37, 39, 44, 45, 47, 49, 50, 51, 53, 54, 58, 61, 64, 65, 66, 67, 69, 75, 77, 79, 85, 86, 88, 91, 92, 100} was best, accuracy is 83.6%

Feature set {4, 5, 6, 9, 10, 11, 14, 16, 18, 21, 27, 29, 31, 32, 33, 35, 37, 39, 44, 45, 47, 49, 50, 51, 53, 54, 58, 61, 64, 65, 66, 67, 69, 75, 79, 85, 86, 88, 91, 92, 100} was best, accuracy is 83.4%

Feature set {4, 5, 6, 9, 10, 11, 14, 16, 18, 27, 29, 31, 32, 33, 35, 37, 39, 44, 45, 47, 49, 50, 51, 53, 54, 58, 61, 64, 65, 66, 67, 69, 75, 79, 85, 86, 88, 91, 92, 100} was best, accuracy is 83.2%

Feature set {4, 5, 6, 9, 10, 11, 14, 16, 18, 27, 29, 31, 32, 33, 35, 37, 39, 44, 45, 47, 49, 50, 51, 53, 54, 58, 61, 64, 65, 66, 67, 69, 75, 85, 86, 88, 91, 92, 100} was best, accuracy is 83.4%

Feature set {4, 5, 6, 9, 10, 11, 14, 16, 18, 27, 29, 31, 32, 33, 35, 37, 39, 44, 45, 47, 49, 50, 51, 53, 54, 58, 61, 64, 65, 66, 67, 69, 85, 86, 88, 91, 92, 100} was best, accuracy is 83.0%

Feature set {4, 5, 6, 9, 11, 14, 16, 18, 27, 29, 31, 32, 33, 35, 37, 39, 44, 45, 47, 49, 50, 51, 53, 54, 58, 61, 64, 65, 66, 67, 69, 85, 86, 88, 91, 92, 100} was best, accuracy is 83.4%

Feature set {4, 5, 6, 9, 11, 14, 16, 18, 27, 29, 31, 32, 33, 35, 37, 39, 44, 45, 47, 49, 50, 51, 54, 58, 61, 64, 65, 66, 67, 69, 85, 86, 88, 91, 92, 100} was best, accuracy is 82.6%

Feature set {4, 5, 6, 9, 11, 14, 16, 18, 27, 29, 31, 32, 33, 35, 37, 39, 44, 45, 47, 49, 50, 51, 54, 58, 61, 64, 65, 66, 67, 69, 86, 88, 91, 92, 100} was best, accuracy is 81.8%

Feature set {4, 5, 6, 9, 11, 14, 16, 18, 27, 29, 31, 32, 33, 35, 37, 44, 45, 47, 49, 50, 51, 54, 58, 61, 64, 65, 66, 67, 69, 86, 88, 91, 92, 100} was best, accuracy is 82.0%

Feature set {4, 5, 6, 9, 11, 14, 16, 18, 27, 29, 31, 32, 33, 35, 37, 44, 45, 47, 49, 50, 51, 54, 58, 61, 64, 65, 66, 67, 69, 88, 91, 92, 100} was best, accuracy is 82.6%

Feature set {4, 5, 6, 9, 11, 14, 16, 18, 27, 29, 31, 32, 33, 35, 37, 44, 45, 47, 49, 50, 51, 54, 58, 61, 64, 65, 66, 67, 88, 91, 92, 100} was best, accuracy is 83.0%

Feature set {4, 5, 6, 9, 11, 14, 16, 18, 27, 29, 32, 33, 35, 37, 44, 45, 47, 49, 50, 51, 54, 58, 61, 64, 65, 66, 67, 88, 91, 92, 100} was best, accuracy is 82.6%

Feature set {4, 5, 6, 9, 11, 14, 16, 18, 27, 29, 32, 33, 35, 37, 44, 45, 49, 50, 51, 54, 58, 61, 64, 65, 66, 67, 88, 91, 92, 100} was best, accuracy is 82.6%

Feature set {4, 5, 6, 9, 11, 14, 16, 18, 27, 29, 32, 33, 35, 37, 44, 45, 49, 50, 51, 54, 58, 61, 64, 65, 66, 67, 88, 91, 100} was best, accuracy is 81.6%

Feature set {4, 5, 9, 11, 14, 16, 18, 27, 29, 32, 33, 35, 37, 44, 45, 49, 50, 51, 54, 58, 61, 64, 65, 66, 67, 88, 91, 100} was best, accuracy is 82.2%

Feature set {5, 9, 11, 14, 16, 18, 27, 29, 32, 33, 35, 37, 44, 45, 49, 50, 51, 54, 58, 61, 64, 65, 66, 67, 88, 91, 100} was best, accuracy is 82.0%

Feature set {5, 9, 11, 14, 16, 18, 27, 29, 32, 33, 35, 37, 44, 49, 50, 51, 54, 58, 61, 64, 65, 66, 67, 88, 91, 100} was best, accuracy is 82.0%

Feature set {5, 9, 11, 14, 16, 18, 27, 29, 32, 33, 35, 37, 44, 49, 50, 51, 54, 58, 64, 65, 66, 67, 88, 91, 100} was best, accuracy is 81.8%

Feature set {5, 9, 11, 16, 18, 27, 29, 32, 33, 35, 37, 44, 49, 50, 51, 54, 58, 64, 65, 66, 67, 88, 91, 100} was best, accuracy is 81.4%

Feature set {5, 9, 16, 18, 27, 29, 32, 33, 35, 37, 44, 49, 50, 51, 54, 58, 64, 65, 66, 67, 88, 91, 100} was best, accuracy is 81.2%

Feature set {5, 9, 16, 27, 29, 32, 33, 35, 37, 44, 49, 50, 51, 54, 58, 64, 65, 66, 67, 88, 91, 100} was best, accuracy is 80.6%

Feature set {5, 9, 16, 29, 32, 33, 35, 37, 44, 49, 50, 51, 54, 58, 64, 65, 66, 67, 88, 91, 100} was best, accuracy is 80.8%

Feature set {5, 9, 29, 32, 33, 35, 37, 44, 49, 50, 51, 54, 58, 64, 65, 66, 67, 88, 91, 100} was best, accuracy is 80.8%

Feature set {5, 9, 29, 32, 33, 37, 44, 49, 50, 51, 54, 58, 64, 65, 66, 67, 88, 91, 100} was best, accuracy is 81.4%

Feature set {5, 9, 29, 32, 33, 37, 44, 49, 50, 51, 54, 58, 64, 65, 66, 67, 88, 91} was best, accuracy is 82.0%

Feature set {5, 9, 29, 32, 33, 37, 44, 49, 50, 51, 58, 64, 65, 66, 67, 88, 91} was best, accuracy is 82.0%

Feature set {9, 29, 32, 33, 37, 44, 49, 50, 51, 58, 64, 65, 66, 67, 88, 91} was best, accuracy is 80.6%

Feature set {9, 29, 32, 33, 37, 44, 49, 50, 51, 64, 65, 66, 67, 88, 91} was best, accuracy is 79.6%

Feature set {9, 32, 33, 37, 44, 49, 50, 51, 64, 65, 66, 67, 88, 91} was best, accuracy is 81.2%

Feature set {9, 32, 33, 37, 44, 49, 50, 51, 64, 66, 67, 88, 91} was best, accuracy is 80.6%

Feature set {9, 33, 37, 44, 49, 50, 51, 64, 66, 67, 88, 91} was best, accuracy is 78.8%

Feature set {9, 33, 37, 44, 49, 50, 51, 64, 66, 67, 91} was best, accuracy is 78.0%

Feature set {9, 33, 44, 49, 50, 51, 64, 66, 67, 91} was best, accuracy is 77.6%

Feature set {9, 33, 44, 50, 51, 64, 66, 67, 91} was best, accuracy is 77.2%

Feature set {9, 33, 44, 50, 64, 66, 67, 91} was best, accuracy is 76.2%

Feature set {9, 44, 50, 64, 66, 67, 91} was best, accuracy is 75.6%

Feature set {9, 44, 50, 64, 66, 67} was best, accuracy is 76.0%

Feature set {44, 50, 64, 66, 67} was best, accuracy is 76.0%

Feature set {44, 50, 64, 66} was best, accuracy is 74.4%

Feature set {44, 50, 64} was best, accuracy is 73.6%

Feature set {50, 64} was best, accuracy is 72.8%

Feature set {64} was best, accuracy is 76.0%



Finished search!! The best feature subset is {1, 4, 5, 6, 8, 9, 10, 11, 14, 15, 16, 18, 20, 21, 27, 29, 31, 32, 33, 35, 37, 39, 41, 42, 44, 45, 47, 49, 50, 51, 53, 54, 58, 60, 61, 64, 65, 66, 67, 69, 73, 75, 77, 79, 85, 86, 88, 91, 92, 98, 100} which has an accuracy of 86.0%

Time used: 15275.64 seconds.