   2.0000000e+00  -2.9038305e-02  -1.3248457e+00  -1.3343220e+00  -9.0571837e-01   1.7135550e+00   2.5754704e-01  -1.3954997e+00  -1.1369056e+00  -7.5182335e-01   9.9185988e-01
   1.0000000e+00   1.4825103e-01  -7.0518216e-01   4.0095123e-01   4.8980834e-02  -3.3707950e-01   5.7267323e-01   5.1415127e-02  -7.5798613e-01  -2.4425100e+00  -1.2216668e+00
   2.0000000e+00   1.2241944e-01   1.2742471e+00   1.0602360e-02  -1.8726721e+00  -2.8382178e-01   1.0311206e+00  -7.3104101e-01  -1.4396358e-01   5.8307785e-01  -4.5032792e-01
   2.0000000e+00  -3.9225870e-01   6.3872491e-01   1.4446199e+00  -3.9254174e-01   2.1913243e-01  -8.8073670e-02  -1.3925582e+00   3.0344908e-01  -2.2881863e-01   4.6889896e-01
   2.0000000e+00  -2.8115692e-01  -4.0192301e-02   1.3058175e+00  -7.6358634e-01  -6.0645216e-02   1.3290534e+00  -2.7478096e-01   2.9285558e-01  -1.7986201e+00   9.4339410e-01
   2.0000000e+00  -2.3161985e+00  -1.6864373e+00  -8.1686208e-01   9.4859465e-01  -7.3587956e-02  -1.7059190e+00  -3.7509366e-01  -5.9305724e-01  -2.7026465e+00   1.2170890e+00
   2.0000000e+00   7.2280623e-01  -8.0071018e-01  -3.7810778e-01  -9.2809553e-01   9.3070652e-02  -1.1331726e-01  -2.3285186e-01   1.3199445e+00  -7.2888352e-01  -1.7020883e-02
   2.0000000e+00   1.3799380e+00  -4.7935839e-01  -7.5013925e-01  -6.2423781e-01   8.0012998e-01   3.0714736e-02  -8.1431599e-01  -9.2087725e-01   4.6101496e-01  -1.6061652e-01
   1.0000000e+00  -2.0169685e-01  -1.1067994e+00   5.5050704e-01   7.1385742e-01   1.7486877e+00   3.3839035e-01  -2.9756458e-01  -1.1406512e+00   1.0333119e+00   4.3252444e-01
   2.0000000e+00   3.3980291e-01  -1.3369028e-01   1.7816369e+00  -7.8155948e-01  -2.7070513e-01  -8.9825982e-01  -1.1893601e+00  -1.5534801e+00  -6.1360921e-03   1.4753919e+00
   2.0000000e+00  -2.8098463e-01  -3.4531884e-01  -1.6180282e+00   4.4532199e-02  -3.5114322e-01  -1.2013874e+00   1.9422200e-01   1.5636301e+00  -1.8712244e-01   6.2127310e-01
   2.0000000e+00  -7.8148370e-01  -8.2727547e-01  -1.5027788e+00  -5.4121133e-01   2.3787298e-01  -2.6750517e-01   8.9272443e-01   5.1802591e-01  -1.6191824e+00   8.3306289e-01
   2.0000000e+00  -7.4569168e-01   2.2440723e-01  -1.3338589e+00  -2.6863929e-01  -9.5514259e-01   3.8606304e-01   1.3015347e+00  -1.6395523e-02   2.0458525e-01  -8.1221191e-01
   2.0000000e+00  -2.9151617e-01   3.3283536e-01   1.1382680e+00   1.4894427e+00   1.6634903e+00   2.1853546e+00  -2.5788977e-01   8.6229231e-01   5.5612307e-01  -4.5425770e-01
   2.0000000e+00  -6.9426590e-01  -3.2506185e-01  -4.0257866e-01  -1.2630500e+00  -7.3039851e-01  -3.3577163e-01  -7.0244496e-01  -4.7636197e-01  -1.6519055e-02  -5.3522524e-01
   2.0000000e+00  -1.1832231e+00  -1.0471941e+00  -4.5027094e-01   9.4074507e-01   6.9117280e-01   9.2851980e-01   2.8076592e-01  -1.5323150e+00   1.3530878e-01   1.0483564e-01
   2.0000000e+00   5.2869025e-01   4.2765946e-01   6.0494791e-01   1.2973697e+00   8.1357105e-03  -7.3916440e-01  -6.8234368e-01   3.2569535e-02   3.8200334e-01  -2.3655670e+00
   2.0000000e+00  -4.0208708e-01  -7.5704339e-01   1.2991109e+00   1.9922079e-01   2.5752648e+00  -1.3626787e+00   3.5664835e-01   4.9792280e-01  -1.0307107e+00   4.3845949e-01
   2.0000000e+00   1.0402785e-01  -7.8192579e-01  -1.1185832e+00   3.9604308e-01  -2.2353296e+00   1.0608941e+00   2.7887978e-01   7.3367121e-01   7.9459880e-01  -2.2432206e+00
   1.0000000e+00   2.0127599e-01  -1.2268179e+00   6.0356319e-01  -1.3022708e-01  -1.6178044e+00   1.5069055e-01  -1.2359138e+00  -1.2052018e+00   1.3812608e+00  -8.0808528e-01
   2.0000000e+00   5.9379895e-01  -3.1627782e-01  -6.7765176e-01   4.1924282e-01  -2.9198077e-01   7.9052424e-01  -4.0247264e-02   1.4141001e+00  -4.3890413e-01  -1.2787533e+00
   2.0000000e+00  -4.2040820e-02   6.7778209e-01  -1.5819846e+00  -1.1714510e+00   1.2165492e+00  -1.2737244e+00   1.8325152e+00   6.7910586e-01   6.0829365e-01   1.4718620e+00
   1.0000000e+00  -1.8164633e+00  -1.3229484e-02   3.0563194e-01   9.2973260e-01   5.3084218e-02  -5.6962015e-01   4.3787635e-02   1.3743207e+00   1.8689447e-02  -3.9309745e-01
   2.0000000e+00  -9.0496172e-01  -7.5990175e-01   1.3318723e+00   5.5906740e-02   1.1113034e+00   9.7732664e-03   3.3990847e-01  -1.4778750e+00  -5.0647748e-01   1.2564276e+00
   2.0000000e+00  -1.2803838e+00   8.9693120e-01   1.3608786e+00  -1.9191181e+00  -1.3427261e-01  -1.1627341e+00   2.9803913e-01   1.8187013e+00  -1.2730868e+00  -1.2437228e+00
   2.0000000e+00  -4.2798718e-01   1.0562356e+00   5.9450517e-01  -1.3332616e+00   1.4495933e+00  -1.0085894e-01   2.1102793e-01  -9.6224986e-01   1.8850447e-01  -3.1703939e-01
   2.0000000e+00   8.2415711e-02   8.3903829e-01   1.1922128e+00   1.3519397e-02  -4.1603035e-01  -7.8263524e-01  -1.7485967e+00  -5.3588952e-01  -2.0021996e-01   1.7430457e-01
   2.0000000e+00  -1.7956093e-01  -1.3149558e+00  -3.2871396e-01  -2.0208468e-01   2.2239769e-01  -3.4367838e-01   5.5823540e-01   8.7995124e-02   5.3645840e-01   1.8323031e+00
   2.0000000e+00  -1.5053691e+00   5.2736752e-02  -1.7474267e+00   1.1434214e+00  -8.0227017e-01  -1.7123519e+00  -1.7248779e+00  -7.0930704e-01  -7.4361635e-01   4.0240859e-01
   2.0000000e+00  -5.5909947e-01  -1.4316586e-01  -1.0688557e+00  -1.9459393e-01   6.3204747e-02  -3.6594808e-01  -1.1276547e+00  -1.5511778e+00   1.2721887e+00  -1.2359482e+00
   2.0000000e+00   1.4536601e+00  -1.2027339e+00   5.4525807e-01  -1.6163329e+00   4.2470654e-03  -6.9551200e-02   1.6425153e+00   5.9969554e-01  -1.2028042e+00   7.8629577e-01
   2.0000000e+00   3.4875128e-01  -1.4419527e+00  -1.9248010e+00   7.5725088e-01   1.8330375e+00  -1.2473634e+00   1.5809900e+00   1.5978486e-02   3.5502841e-01   5.8583947e-01
   2.0000000e+00  -1.0426286e+00   1.1099298e+00   5.0522923e-01   2.0411623e+00   2.0206147e+00  -6.2230059e-01   6.3569395e-01   8.3095462e-01  -8.9729693e-01  -9.9451803e-01
   2.0000000e+00   6.2459731e-01   3.1214928e-01  -8.5094827e-01   7.4743789e-01  -2.1068017e-01   2.6320853e-02   2.1517236e+00   2.2313538e-01  -2.3552218e-01   4.8237489e-01
   2.0000000e+00  -6.5430832e-01  -3.6136465e-01  -7.3079632e-01   1.8230798e+00  -1.1429713e+00   8.0363004e-01  -1.0352309e-01  -1.5040720e+00  -8.9809286e-01  -7.5000234e-02
   2.0000000e+00  -8.3829611e-01  -2.6848019e-01  -9.7755446e-01   5.6367771e-01  -9.1249536e-02  -8.9639010e-02  -6.3459096e-01  -3.3859595e-01  -1.0652686e+00   8.7086059e-01
   2.0000000e+00  -1.4412292e+00  -1.8503182e+00   6.0216409e-01  -1.7607312e+00  -6.2326524e-01   1.7467564e+00   2.4328835e-01  -9.4928279e-02   1.7375135e-01   1.2804011e+00
   2.0000000e+00  -1.0540716e+00  -2.9874310e-01  -7.5068499e-02  -8.0298846e-01  -1.8398221e+00   5.5467327e-01  -3.3531364e-01   5.4140306e-01  -3.3791145e-02  -5.2803927e-01
   1.0000000e+00  -1.1175253e+00  -1.1659789e+00   3.9821387e-02  -5.8185109e-01  -2.0752360e+00   4.5771531e-01   6.8245341e-01   3.7580879e-01   1.4654654e+00  -4.4328946e-01
   1.0000000e+00   1.0206261e+00  -8.8510152e-01   1.1641363e-01   4.9515109e-01   1.8543659e-01   1.4116846e-01   4.8690938e-01  -8.0195950e-02  -1.0755545e+00  -4.1622848e-01
   1.0000000e+00  -3.3207808e-01   9.7669543e-01   2.6517481e-01  -7.1021485e-01  -1.8306447e-01   1.9643268e-02   4.9146437e-01  -5.3137986e-01  -1.7824425e+00  -8.2501668e-01
   1.0000000e+00   4.6090636e-01  -1.7915424e+00   3.3301104e-01   7.1731344e-02   4.3062124e-02   2.7632659e-01   1.6247523e+00  -7.7472443e-01  -2.8058834e-01   7.9821498e-01
   2.0000000e+00  -5.2927963e-01  -8.7753300e-01  -6.5237143e-01   1.9642571e+00   1.9136857e+00  -1.2366145e+00  -6.4824680e-01   5.5389706e-01   3.4615262e-01   1.2627107e+00
   1.0000000e+00   5.9304125e-01   8.2317310e-01   2.4296325e-01   7.3864079e-01  -4.0894161e-01   8.1983823e-01  -5.5074162e-01   3.9943039e-01  -3.2003326e-01  -1.8663374e+00
   2.0000000e+00  -3.1093752e-01   7.4709037e-01  -7.6156184e-01  -2.5418148e-01   8.5673709e-01   3.4256513e-01   3.5722126e-01   1.0179891e+00   1.1136234e+00   3.3369548e-01
   2.0000000e+00  -1.1585014e+00  -7.4613494e-01  -1.0056138e+00  -3.4921428e-01   4.3527026e-01  -1.1160991e+00   1.0361116e+00   1.0751724e+00   9.8650018e-01   1.5693538e+00
   2.0000000e+00   1.0472793e-02  -2.2209896e-01  -1.1723013e+00   1.3833515e+00   6.1119240e-02  -1.2501578e-01  -2.6162912e+00  -4.7484523e-01   6.8503082e-02  -9.2405081e-01
   2.0000000e+00  -2.4957967e+00   8.3325567e-01   4.7464920e-01   1.1794110e+00   1.0019905e+00  -8.1668170e-01   1.3114878e+00   2.4991227e-01   4.9304245e-01   3.7263888e-01
   2.0000000e+00   4.8457274e-01  -8.7608915e-01   1.0074012e+00   3.7770203e-02  -5.4595473e-01  -1.3452100e+00   3.3730884e-01   2.0000810e+00  -1.7573861e+00   9.2254429e-01
   2.0000000e+00  -4.9239980e-01   2.3235705e+00   7.5189878e-01  -4.3750097e-01   2.4920412e+00   1.4719786e+00   4.7320872e-01  -2.3378208e-01   9.9449101e-01   1.0606669e-01
   2.0000000e+00  -2.6584258e-01  -2.2036797e-01  -5.8295704e-01  -6.8375889e-02   4.4062553e-01   5.0803894e-02  -2.7660621e-01   1.4942786e+00  -6.2720524e-01   1.0124104e+00
   2.0000000e+00   6.7763407e-01  -1.4907455e-01  -1.2454002e+00   1.4009090e+00  -7.6808026e-01   1.0554977e+00   1.0567750e+00   1.1945602e+00   7.5914602e-01  -2.5656581e-01
   2.0000000e+00  -9.1718715e-01   2.9125745e-01  -1.3940418e+00  -2.4860516e-01   9.4246346e-01  -1.1818779e+00  -4.4331033e-01  -3.4733427e-01   8.5072925e-01  -3.9954655e-01
   2.0000000e+00   2.3255227e-01  -3.9115466e-01  -3.6388103e-01  -1.1829942e+00   4.7939874e-01   9.4514556e-01   2.6564839e+00   2.9816650e+00   1.8681931e-02  -1.2855114e+00
   2.0000000e+00   3.1356991e-02  -1.6512861e+00  -3.4389773e-01  -2.9652495e-01   1.7439851e+00   2.7986129e-01  -1.0732560e+00   1.0432498e+00  -3.3784979e-01  -2.5294757e-01
   2.0000000e+00  -5.9676491e-01   2.1711251e-01  -2.7149083e-01   1.8944368e+00  -1.1011905e-01  -6.9227907e-01   3.1524139e-01   2.5788683e-01   2.4072373e-01   8.0735012e-01
   2.0000000e+00  -3.9609951e-01   3.2047916e-01   7.8692308e-01  -1.1052246e+00  -1.7865634e+00  -7.6148968e-01  -2.6431065e-01   2.1576489e-01   2.1468197e+00   1.1141123e-01
   2.0000000e+00   5.4820686e-01   4.5157219e-01  -1.5547334e+00   1.1817487e+00   1.4497533e+00   6.7575215e-01  -1.0215629e+00  -1.1403648e+00  -8.0341880e-01   4.1641141e-01
   2.0000000e+00   6.6221754e-01   2.1203275e-01   1.4216374e+00  -1.0030164e+00  -1.0084699e+00  -1.4119603e-01  -3.2063053e-01   1.1061418e+00  -1.5776738e-01   7.2212078e-01
   2.0000000e+00  -6.3792589e-01  -8.6956177e-01   5.8221555e-01   2.3036324e+00  -3.4916231e-01  -9.2786050e-01   1.0687620e+00  -3.5178409e-01  -6.3376308e-01   1.4518560e-01
   2.0000000e+00  -2.7710958e-02  -6.5061815e-01   1.8965709e-01   1.3569628e+00  -5.2563755e-01   2.1889246e+00  -9.1300123e-01   5.8134691e-01  -7.6621924e-01  -1.2428006e+00
   2.0000000e+00  -7.2581575e-01  -1.8201567e+00  -2.1527694e-01  -1.3390089e+00  -4.8586725e-01  -9.2989900e-01   3.5757821e-01  -1.3505055e+00  -6.3979013e-01   1.7810563e+00
   1.0000000e+00  -3.6793114e-01  -2.9188948e-01   5.4607251e-01   3.7242549e-01   8.8182473e-01  -7.8981432e-01   1.6228537e+00  -6.4504327e-01   1.2855426e+00   2.7019531e+00
   2.0000000e+00  -8.1885058e-01   6.0275706e-01  -6.4798636e-01   4.6591851e-02   1.3355149e+00  -4.3193304e-01  -2.2108346e+00  -1.3755338e+00   1.0010671e+00   3.4240368e-01
   2.0000000e+00   1.0769405e-01  -2.5865389e-01  -1.2239703e+00  -2.4383835e-01  -2.3995014e+00   8.5745229e-01   2.4588863e-01   6.9965888e-01   4.1013813e-01   2.1355021e-01
   2.0000000e+00  -8.9592209e-01  -8.4473098e-01   8.9596272e-01  -9.7965326e-01   5.1523213e-01  -9.9663987e-01   2.7257513e-01  -5.4259883e-01  -7.9168415e-01   2.7654420e-01
   2.0000000e+00   2.8625047e-01  -5.9622795e-02  -5.8804355e-01   7.4199730e-01   3.2424017e-01   4.2501254e-01  -3.9994019e-02  -1.9501426e+00  -1.5856723e-01   7.0604373e-01
   2.0000000e+00  -2.2603437e-01   1.4584097e+00  -1.2018005e+00  -1.1775083e+00  -2.1999379e+00   1.1655931e+00  -1.1367132e+00   4.1860659e-01  -4.2713661e-01  -2.4031164e-01
   2.0000000e+00   3.5960120e-01   6.7205172e-01  -7.2222619e-01   1.6783265e+00  -1.8290930e+00   4.4504114e-01  -8.2513868e-01  -1.3319461e-01   8.2267649e-01   6.4471195e-01
   2.0000000e+00  -3.3112718e-02  -2.4733473e-02   8.5425778e-01   2.2265295e+00  -3.7474792e-01   3.1176608e-01   2.8665955e-01   2.7360523e-01  -8.1540921e-01  -4.5872069e-01
   2.0000000e+00   1.1093940e+00  -5.2720324e-01  -1.0005527e+00  -1.3592920e+00   1.2848726e+00  -1.6776208e+00   1.9141179e+00   3.8145733e-02  -5.8425071e-01   1.8175863e+00
   2.0000000e+00   5.9924300e-01   3.7740276e-01  -3.5804126e-01  -3.9341237e-01  -2.1868681e+00  -1.5566958e+00  -1.1443010e+00   1.6857529e+00  -8.7357147e-01  -5.1157858e-01
   2.0000000e+00   1.3999603e-01   2.1693839e+00   8.4887642e-01   4.5286895e-01   2.9705381e+00  -8.4704036e-01   1.5755012e+00   1.6957904e+00  -3.5020393e-01   1.6100083e+00
   2.0000000e+00  -5.3915887e-01   3.0355977e-01   1.9415449e+00   6.4754912e-01   9.3731983e-01   1.6639179e+00   4.4175929e-01  -1.0866890e+00   2.0208642e+00  -1.2272571e+00
   1.0000000e+00   1.1414507e+00  -7.6046883e-01   3.9851669e-01   7.3757702e-01   2.0758578e-01   9.4434954e-01  -1.0204913e+00   9.2477860e-01   4.4008629e-01   5.2549073e-01
   2.0000000e+00  -1.1104738e-01   5.2368961e-01  -1.4849144e+00   5.7488139e-01   2.4349550e-01   3.8321892e-01   2.2423168e+00  -1.3645700e+00   2.4630616e-01  -8.4015537e-01
   1.0000000e+00   4.2999125e-01   6.5864205e-01   6.1341467e-01  -6.0923728e-01  -6.9664048e-01  -1.2955348e+00   3.0204903e+00   1.5095691e+00   2.1928908e+00   1.6236522e+00
   2.0000000e+00  -2.6632245e-01  -5.1674501e-01  -1.4017252e+00  -4.4692142e-01  -4.8530845e-02  -1.6249958e+00   1.6175221e-01  -4.5099021e-01   1.2297647e+00  -2.5486374e-01
   2.0000000e+00  -1.0453126e+00  -1.2749896e+00  -3.6644946e-01   4.2806971e-01  -1.5808488e-01   4.3752704e-01  -2.3088158e+00  -9.0038205e-01  -1.7107424e+00  -2.2924791e+00
   2.0000000e+00  -5.4483128e-01   8.2897693e-02  -4.5755694e-01  -7.5751252e-01   1.0595304e+00   1.4759411e+00   5.7735898e-01   1.3661579e+00   1.1478961e+00   1.1915074e+00
   2.0000000e+00  -1.2084387e+00   6.1937005e-01  -2.8713938e+00  -1.6551136e+00   7.8548934e-01   1.5651961e+00  -1.1481140e+00  -1.0187214e+00   1.1805247e+00   9.6000096e-01
   2.0000000e+00   2.0142365e+00  -6.7526572e-01  -2.7502752e+00   3.1873328e-01   6.4747897e-01   4.3594902e-01  -4.6346310e-01   8.7126386e-02   2.0997974e-01   4.9536070e-01
   2.0000000e+00   4.4655274e-01  -1.0356064e+00  -1.4490082e+00   2.3676445e-01  -2.2726624e+00  -6.9744297e-01  -3.7758112e-01   1.2251266e+00  -7.9943926e-01   4.1748411e-01
   2.0000000e+00   1.4910497e+00  -1.0806349e+00  -6.4478122e-01  -4.0867511e-01   1.0100201e+00  -6.1745091e-01  -2.0225090e-01  -3.8649695e-01  -1.0730335e+00  -8.3627216e-02
   2.0000000e+00   1.7558872e-01   1.3957722e+00   2.2678979e+00   3.2973788e-01   1.2531782e+00   1.3750129e-01   5.3757688e-01  -2.1661370e-01  -9.4042404e-01  -8.1502593e-01
   2.0000000e+00   9.4352657e-01  -5.1564422e-01   3.4548026e-01  -1.4622916e+00  -5.5409844e-01   1.0943287e+00   1.7892281e+00  -3.2414887e-01  -7.9008681e-02   6.0092292e-02
   1.0000000e+00  -4.8745172e-01   6.3189836e-01   3.5971405e-01   3.3063153e-02  -4.1800144e-02   8.2626146e-01   1.5667129e-01  -1.4567517e+00  -6.7864018e-01  -1.4051764e+00
   2.0000000e+00  -9.1626145e-01  -2.3375925e-03  -7.2900510e-01   7.7851874e-01   4.2700597e-01  -5.4255198e-01  -8.8687867e-01  -1.9101619e-01  -8.0356279e-01   5.7984746e-01
   1.0000000e+00  -4.9996454e-01   3.1832460e-01   7.3683349e-02  -1.7620105e-01   7.4452209e-01  -4.9749689e-01  -7.9370541e-01  -7.3236641e-01   2.2468026e+00   2.4543564e-01
   1.0000000e+00   1.7815591e-01   2.6023130e-01   7.3477491e-02  -2.8131083e-01   1.1084024e-01  -1.0898098e+00  -1.0269037e+00  -1.4537195e-02  -1.3529377e+00   1.0116579e+00
   2.0000000e+00   1.1334461e+00  -1.2341330e+00  -6.9228349e-01   2.0973403e+00   1.0942605e+00  -1.5971459e+00  -6.9028879e-01  -5.7431873e-02   2.1578418e+00  -3.3478754e-01
   2.0000000e+00   8.5145407e-01  -7.0556475e-01  -1.5649721e+00  -1.4077876e-02  -2.1712677e+00   7.0957849e-01  -7.0355794e-01   1.9371394e+00   7.3846636e-01   1.7469852e-01
   2.0000000e+00  -9.3358044e-01  -7.3592454e-01  -6.3770338e-01   1.0293697e+00   1.4103307e-01  -8.9270395e-05  -2.1967860e-02  -6.2569140e-01  -6.0806582e-01   1.6160485e-01
   2.0000000e+00  -5.5886739e-01   1.8815784e+00  -7.4216539e-01  -1.2623243e+00  -1.5786245e+00  -5.1336140e-01  -1.2123396e+00   9.3983283e-01   4.9406096e-01   4.5973665e-01
   2.0000000e+00   2.0650968e+00  -1.7296317e+00  -9.0981670e-01   5.5656277e-01  -5.3808513e-01   1.9268932e+00   1.2370476e+00   2.2836457e+00   1.2716008e-01  -6.0336273e-02
   1.0000000e+00   2.4971375e-01  -7.5211564e-02   8.9020907e-01  -2.8926002e-01   1.6627639e+00   1.8962679e-01   4.8353223e-01  -9.7445848e-01  -1.4317123e+00  -1.0213647e+00
   2.0000000e+00   1.5172153e+00   4.9237732e-01  -6.9151449e-01   4.3249959e-02   2.6936570e+00   1.2339342e+00  -5.6918283e-01   3.0272909e-01  -2.1996286e-01   4.3667373e-02
   2.0000000e+00   5.1344379e-01  -1.0154272e+00  -1.6893081e+00   1.2094762e+00   1.1016541e+00  -2.9405259e-01  -1.4302995e-01   1.4664000e+00   4.1748071e-01   1.4267837e-01
   1.0000000e+00   1.8288977e+00   1.0728238e+00   2.6478225e-01   5.3945460e-01  -1.6582504e+00  -7.5229372e-01  -1.5744828e+00  -1.5715878e+00  -1.0380568e+00  -3.9465642e-01
   2.0000000e+00   1.1235652e-01  -1.8835986e-01  -4.2337425e-01   1.0382816e+00  -7.6952294e-01   4.1988649e-02   2.7289206e-01   1.8613554e+00  -2.3037043e+00   4.4553437e-01
   2.0000000e+00  -4.4093872e-01   1.3340704e+00  -1.4612705e+00  -9.0065375e-01   1.0861035e+00   8.9646633e-01   1.3471092e+00   3.4730997e-01  -9.5124630e-01  -3.0702836e-01
   2.0000000e+00   4.6321036e-01   1.0555759e+00  -1.5561689e+00  -1.1153580e+00   7.3870544e-01  -1.6326473e-01   1.4683579e-01   4.5337881e-01  -3.9467942e-01  -1.6440819e+00
   1.0000000e+00   1.4800585e+00   7.6347202e-02   4.2937424e-01   6.9799107e-01   2.9250159e-01  -2.0051634e-02  -6.6194377e-01   1.0020421e+00   6.8352152e-02  -1.7012062e+00
   2.0000000e+00  -3.9850768e-01   7.0342716e-01  -8.4037410e-01   1.2231283e+00   2.6327940e-01  -6.6629336e-01   1.7197796e+00  -8.3465692e-01   1.3185535e+00  -9.4363285e-02
   2.0000000e+00  -9.2558883e-01  -1.5695062e-02  -1.7252813e+00  -1.6677860e+00  -7.4976777e-01   3.0165040e-01  -2.6196170e-01  -7.0395340e-01  -1.0995726e+00  -1.1736763e+00
   2.0000000e+00   4.3067987e-01   9.7892993e-01   7.0020347e-01  -8.0156625e-01   1.2614071e+00   1.1788166e-01  -9.4756472e-01   5.6479234e-01   2.8881301e-01  -1.6567624e-01
   2.0000000e+00   5.4575060e-01   1.2721629e-01  -3.3353440e-01  -3.8761304e-01   1.2939880e-01  -5.9530626e-01  -1.8555588e+00   8.7580593e-01  -5.5294862e-01   6.9831135e-01
   2.0000000e+00  -2.3262938e-01   1.7600497e-01  -9.7173472e-01   1.7283652e-01  -1.3370667e+00   1.5454546e+00  -1.1213598e+00   1.0606202e+00   1.2148257e-01  -1.7471181e+00
   2.0000000e+00   2.3572106e-01  -4.3860150e-01  -5.6372374e-01   6.8670301e-01  -5.6822079e-01   9.1423633e-01   3.0515247e-01  -3.6943656e-01   7.1335714e-01   7.2799249e-01
   2.0000000e+00  -9.2988876e-01  -4.2294802e-01   1.1277259e+00  -1.4918163e+00   2.5838236e-01   1.0379288e+00  -5.6317074e-01  -1.1519080e+00  -1.2382502e-01  -5.1200623e-01
   2.0000000e+00  -7.2426690e-01  -5.3348596e-01  -4.4605657e-01  -4.5148933e-01  -2.4515750e+00   2.1492386e-01   3.5608311e-01   2.0416431e+00  -8.6793178e-01  -3.0586707e-01
   2.0000000e+00   1.1499082e+00   1.1210737e+00  -1.2169002e+00   1.1492158e+00   1.9961211e-01   1.3017580e+00   4.9442657e-01   1.4866149e+00   7.5131826e-01  -3.9151560e-01
   1.0000000e+00  -6.5479520e-01  -1.3471650e+00   6.0263754e-01   2.1578131e-01   1.0484169e+00   4.4098218e-01   8.2503608e-02  -4.0802280e-01   1.1614965e+00  -4.3669088e-01
   2.0000000e+00   3.4373871e-03   7.1023939e-01  -2.2720159e-01   2.1954699e+00  -6.3917272e-01   1.1793028e+00  -5.9027504e-01  -1.1176781e+00  -2.6600290e-01  -1.2420647e+00
   2.0000000e+00  -1.7309726e+00   3.8612490e-01  -5.3169484e-01   5.0368306e-01  -8.0571693e-01   1.0362663e+00  -1.5574108e+00   8.1560773e-01   1.5569492e-01   1.6986550e-01
   2.0000000e+00  -4.1957720e-01  -2.3499686e+00  -1.5300237e+00   2.0800245e-01   8.7829659e-01  -1.5419244e+00  -6.6244920e-01   3.3596624e-01  -6.4034024e-02   9.4380497e-01
   1.0000000e+00  -1.0173426e+00   4.9669913e-02   1.8973119e-01  -1.3112546e-02  -3.5798815e-01   9.7637806e-01  -1.8369484e-01  -1.4273141e+00  -6.2172840e-01  -5.9971726e-01
   2.0000000e+00   1.8439563e-02   1.0882120e+00  -4.2545904e-01   5.4435676e-01  -5.1003488e-02   1.1335438e+00   9.7419611e-02   8.2011568e-01   1.2885075e-01  -1.6656739e+00
   2.0000000e+00   4.3017294e-01  -7.6521003e-01   7.3525084e-01   1.5085693e+00  -1.3370318e+00   3.8468745e-01   1.0336617e+00   1.8896346e-01   1.5700869e-01   7.9216881e-01
   1.0000000e+00   1.3698220e+00  -1.1613019e-01   9.6324264e-01   1.5793079e-01  -7.8076444e-01  -1.1970969e+00   1.0435989e+00  -7.9767907e-01   5.6645848e-01  -5.0526712e-01
   2.0000000e+00  -1.5136133e+00  -2.4801504e-01   9.5581489e-01   9.5997512e-01   7.1697345e-01   3.9801108e-01  -6.1715779e-01  -1.2235966e+00  -3.3228817e-01   3.2236488e+00
   1.0000000e+00  -5.4424187e-01   1.2076558e+00   2.6019108e-01   2.0309536e-01  -1.5729525e+00   4.6389042e-01   7.8573601e-02  -1.7238506e-01  -1.6008156e+00  -2.4990385e-01
   2.0000000e+00  -1.5579676e-02  -3.2245675e-01   1.8424660e+00   7.9551367e-02   1.2527446e-01  -9.7063785e-01  -9.3426828e-02   4.4836884e-02  -6.3039534e-01  -5.2549314e-01
   1.0000000e+00  -2.8065325e-01  -1.7681205e-01   8.4903624e-01  -4.1141740e-01   7.7983170e-01  -4.8773225e-02  -7.4272346e-01  -2.2095455e-01   7.9512504e-01   5.5341537e-01
   2.0000000e+00  -6.8133664e-01   1.4103627e+00  -2.9648552e-02  -1.5287200e+00   1.3848698e+00   9.1496527e-01  -4.4351763e-01  -1.6733437e+00   2.1642846e+00  -1.4498910e+00
   2.0000000e+00  -9.3890025e-01   1.0988811e-01  -6.1347619e-01   1.5791285e+00  -1.9969726e+00  -5.5248388e-01  -4.2877786e-01  -9.6245880e-02  -1.3784372e+00   6.2136658e-01
   2.0000000e+00  -1.0104797e+00   4.4664870e-01   2.6602218e-01  -1.2176973e+00   1.6545222e+00   3.1968394e-01  -1.8714792e+00   1.6763523e+00  -2.8413561e-01   3.5967528e-01
   2.0000000e+00  -1.1262370e+00  -1.4478760e+00   1.4986619e-01  -9.8979307e-01   6.2318054e-01   3.9542462e-01   2.2009938e-01  -6.2156070e-01  -3.9737705e-01  -9.9226512e-01
   2.0000000e+00  -1.0566691e+00  -1.8319148e-01  -1.4850298e+00   2.9696374e-01   9.8095221e-01  -2.4740215e-01  -7.8712618e-01   8.9903014e-01  -1.3816301e+00   1.4091008e+00
   2.0000000e+00  -2.2073393e+00   6.3921543e-01  -7.6542303e-01  -1.3920664e+00   1.6536373e+00   4.0467762e-01   6.9185972e-01   2.7821396e-01   1.9852526e+00   8.3186723e-01
   2.0000000e+00  -1.9185869e-01  -1.4732272e-01  -4.1890299e-01   7.0743323e-01   5.5021238e-01  -7.9624481e-01  -3.1272137e-02   1.3297697e+00  -2.3671559e+00   7.0886084e-01
   2.0000000e+00   1.2268561e+00   1.4861118e-01  -6.8872693e-01  -1.2574920e+00   1.0692784e+00  -4.9306098e-01  -9.3397021e-01   7.6428083e-01   3.8414187e-01   1.8555216e+00
   2.0000000e+00   2.6441975e+00   1.0094482e+00  -2.2750072e-01  -8.4473844e-01   1.5674436e+00  -7.0694684e-01  -9.2863299e-01  -4.5135296e-01  -8.0860980e-01   1.1001911e+00
   2.0000000e+00   5.4021742e-01  -9.6650963e-01   5.5766065e-01   1.0745956e+00   4.4516574e-01  -9.9318250e-01   2.1671253e+00   8.5016971e-01  -1.5214010e+00   1.9166886e-02
   2.0000000e+00  -6.8127286e-01  -1.1751079e+00  -4.6917962e-01  -4.5681076e-01  -1.0305372e+00  -9.0811217e-01  -2.2510988e-01  -1.6492343e+00  -1.6835534e+00   7.1163813e-01
   2.0000000e+00   1.4996943e+00  -7.9284774e-01   1.1339803e+00   1.1242210e+00   1.2100143e-01  -5.4960741e-01   2.8999465e-01   2.2856225e-01   3.6432163e-01  -1.3402856e-01
   2.0000000e+00  -5.1334015e-01  -1.8845494e+00   1.1998623e+00   5.0807380e-01  -2.1264607e-01  -2.5393189e-02  -1.6856500e+00  -9.9835474e-01  -3.4751817e-01   1.1162234e+00
   1.0000000e+00   3.9858257e-01   8.5416737e-01   2.3329071e-01  -8.0516836e-01   1.6048897e+00   1.2037905e+00  -4.5268622e-01   2.5991484e-01   3.7522670e-02   7.9481397e-03
   2.0000000e+00   2.0541896e-01   2.3643713e-01  -1.4991428e-01   5.1050693e-01  -1.2029941e+00  -8.1103747e-01  -1.0437147e-01   1.1628587e-01   8.0108596e-01  -8.4245075e-01
   2.0000000e+00   7.8325114e-01   3.3837522e-01  -3.8756734e-01  -1.6864960e+00   2.2461264e-01   7.2687035e-01   8.9127554e-01   1.5730795e+00   1.9213374e-01  -1.3216194e+00
   2.0000000e+00   8.5868622e-01  -3.2730186e-01   1.2482274e+00  -7.9652325e-01  -1.2307609e+00   6.7931264e-01   1.5123310e+00  -1.3812646e+00  -2.6944033e-01  -7.7969721e-01
   2.0000000e+00   3.2990662e-01  -1.2190180e-01  -6.2233216e-01   1.1027689e+00   1.6401668e+00  -4.1797163e-01   5.0833425e-01  -7.2900689e-01  -1.1123799e-01  -7.0808367e-01
   1.0000000e+00   7.3775583e-01   2.9643617e-01   4.8655480e-01  -7.8565668e-01   4.8489807e-01  -6.2624712e-01  -2.5483883e-01   2.2642201e-01   9.7203158e-01   3.2477770e-01
   2.0000000e+00   4.4862640e-01  -6.5486328e-01  -6.4284245e-01  -2.0189842e+00   6.9880143e-01  -4.8965616e-01  -8.2354246e-02   1.0892653e+00   2.4490203e-01  -8.8385345e-01
   2.0000000e+00  -7.8222134e-01  -2.0611490e+00   9.6597090e-01  -1.0062096e+00   4.0008196e-01  -3.1577242e-01   3.4810497e-01  -1.6922022e-02  -7.5090522e-01   1.3206531e+00
   2.0000000e+00   1.0784613e-01   1.5473570e+00   1.1176268e-01  -2.9453758e+00   3.2135208e-02  -3.0641334e-01  -1.5704695e+00   1.2243491e+00   2.3865154e-02  -1.0337568e+00
   2.0000000e+00   4.9867114e-01   1.4343354e-01  -1.2203009e+00  -1.1473158e+00   7.3569360e-01   6.5780301e-01   3.1054498e-01  -1.0663680e+00  -4.4078098e-01   1.3555382e+00
   2.0000000e+00   2.9022424e-01   3.0386058e+00   9.1702458e-01   1.4030140e+00   1.1836868e+00  -1.8160402e+00   2.5319745e-01  -3.4673819e-01  -3.4613548e-01  -1.8232990e+00
   2.0000000e+00  -1.0164642e+00  -1.6293629e+00  -1.9929338e+00  -2.3588115e+00  -1.7193850e-01  -6.1412536e-01  -3.2261953e+00  -1.0995779e-01   3.7558977e-01  -4.4229171e-01
   2.0000000e+00  -1.5339355e+00   6.3855676e-01  -8.9644125e-01   3.7216173e-01  -4.4021634e-01   7.9304295e-01   7.8375344e-01  -1.4729884e+00   1.0974719e+00   4.3670187e-01
   2.0000000e+00  -7.2013127e-01   7.1547010e-01  -3.7949153e-01   2.9624486e-01   1.0069740e+00   2.1169761e+00  -3.9059835e-01  -6.0811834e-01  -1.1516819e+00   1.0806817e-01
   2.0000000e+00   3.0873374e-01  -3.6701919e-01  -2.6446683e-01  -4.6220242e-01   9.9388439e-01  -2.2609921e-01  -5.8937928e-01   2.2394842e-01   1.3976099e+00  -8.0491991e-01
   1.0000000e+00  -4.8096621e-01   8.2292159e-01   5.7006273e-01   6.9633718e-01   1.6380008e-01   3.4097070e-01  -1.5908336e-01   1.9633009e+00   2.0673877e+00  -1.4091746e+00
   2.0000000e+00   9.9341399e-01  -3.6926195e-01  -4.7969633e-02  -2.3537506e-01   1.3968007e-01   1.0203969e+00   6.0121523e-01  -2.2603831e-01  -1.6460460e-02   1.0109423e-01
   2.0000000e+00  -7.2167949e-02  -8.9480425e-01   4.8506819e-01   1.4766691e+00   1.2156307e-01   8.4334273e-01   1.0150687e+00   1.4197170e+00   6.3979422e-02  -2.8328026e-01
   2.0000000e+00  -6.8137257e-01  -8.0312060e-01   1.6617933e+00  -1.0741168e+00   1.2994352e+00  -2.4660795e-01   2.4269752e+00   1.9225144e-01  -1.2073725e-01   5.6251243e-01
   1.0000000e+00   5.5829941e-01   1.1622357e-01   7.5480315e-01  -1.8981802e-01   1.4289712e+00  -2.1410393e+00   2.5822146e+00   1.1772802e-01   1.0409712e+00   2.0678827e+00
   2.0000000e+00  -8.2132655e-03   4.3705604e-01   1.2151549e+00   1.3380082e-01  -5.6267160e-01  -1.7273067e+00   8.9945635e-01  -6.3379661e-01   1.7291708e-01  -5.3711555e-01
   2.0000000e+00  -1.4195460e+00  -4.4315635e-01  -8.5312962e-02   3.0064681e-01  -6.7271730e-01  -1.4792456e+00  -2.0077894e-01  -2.2838032e+00   9.0202853e-01  -2.0329642e-01
   2.0000000e+00   5.9525526e-01   1.0257653e-02  -5.5624870e-01   5.5116298e-01   1.0874764e-01   3.9570498e-01  -1.5633336e+00  -7.9913537e-01  -7.9748309e-01  -3.8139844e-01
   2.0000000e+00   1.3146893e+00   7.1648580e-02  -3.1286736e-01   1.4459492e+00   6.8124327e-01   4.6453289e-01   5.4849649e-01  -1.3673766e-01  -1.5781361e+00  -9.7930966e-01
   1.0000000e+00   1.8697001e-01  -5.3938033e-02   4.8583205e-01  -2.9222409e-01  -1.0591839e+00  -8.9335128e-01  -4.8762111e-02  -9.2646275e-01  -4.1413079e-01   1.4765676e-01
   1.0000000e+00   8.0222369e-01  -9.6282675e-02   3.7273610e-01  -6.2338425e-01   1.8569850e+00  -8.4734116e-01   3.8750943e-01  -5.8956116e-01  -5.8993546e-01   1.4557210e-01
   1.0000000e+00  -7.6777104e-01   1.1547478e+00   1.5023545e-01  -6.8248857e-01   1.4824299e+00  -1.3173270e+00   5.1627686e-01  -2.2671738e-01   8.2329302e-01  -8.3379449e-01
   2.0000000e+00   2.4342313e-01   3.3490536e-01  -1.2063738e+00  -6.0219560e-01   1.3344617e+00   9.1458937e-01  -1.0893307e+00  -4.1234784e-01   9.0990603e-01  -3.9790011e-01
   2.0000000e+00  -1.2234754e+00   1.8332296e-01   1.0561504e+00  -6.5044098e-01  -2.6839145e+00   1.1357355e+00   1.9056528e+00   1.4148690e+00  -1.5741099e+00   4.3683384e-01
   2.0000000e+00  -8.8037891e-01   6.0755156e-01  -1.3967661e-01  -7.2268816e-01  -2.7291790e-01   3.9301132e-01   1.5298801e-01  -1.5235212e+00   1.4147317e+00  -7.3561512e-02
   2.0000000e+00  -1.6107735e-01  -1.1375918e-01  -1.3410240e-01  -7.3139278e-01  -8.3086070e-01   1.6536134e+00   1.1011771e+00   1.5896345e+00  -1.3735082e-02   8.1822086e-01
   2.0000000e+00   2.3866718e-01   4.7126799e-01  -2.8446895e-01  -2.0048578e+00   1.4583921e+00   7.2574588e-01  -1.0952387e-01   8.1449204e-01   2.0028427e-02   1.1021079e+00
   2.0000000e+00   1.2418199e+00  -6.6180620e-01   4.0396257e-01   1.7171317e+00  -1.6468564e+00  -5.4150433e-01  -9.5715725e-01   1.4900253e+00  -6.8431557e-01  -1.2438050e+00
   2.0000000e+00  -5.4870756e-01   3.5591772e-01   1.5544744e+00   4.6829671e-01  -3.5380882e-01   3.1050932e-01  -2.0556967e-02   9.3593049e-01  -5.4628908e-01   5.3053459e-01
   2.0000000e+00  -5.2087170e-01  -1.4020597e+00  -2.8222585e+00   4.8482153e-01   2.4702941e-01   1.4149390e+00  -5.7841410e-01   2.0990692e-01   2.9187367e-01   9.8312748e-01
   2.0000000e+00   1.3966565e+00  -1.0201713e+00  -1.1324732e+00   2.0207959e-01  -2.0305444e+00   4.3500363e-01  -1.1405095e-01   3.1980966e-01  -8.2245328e-02  -8.3814362e-01
   2.0000000e+00   1.3342215e-01   1.1644580e+00  -6.0943290e-01   9.9959336e-02  -3.9009886e-01   1.7772834e+00   1.3173488e-01  -2.8592190e-01   5.2373348e-01  -1.3260636e+00
   2.0000000e+00   3.0375875e-01   2.0003526e+00  -4.6286081e-01   4.9067389e-01  -1.6183406e+00  -3.4489865e-01  -2.3812914e-01   1.4094803e+00  -2.3460355e+00   6.3301864e-01
   1.0000000e+00  -3.4658410e-01   6.4315593e-01   1.2296883e-01   5.5939062e-01   5.5319977e-01   1.7851331e-01  -4.5407561e-01   2.0146366e+00   7.1457048e-01  -8.1378571e-02
   2.0000000e+00  -4.9990320e-02   1.2017524e+00  -6.1606960e-01   5.3793416e-01   8.8298833e-01   1.0838165e+00   1.6991802e+00  -7.0027461e-01  -5.6165532e-01  -1.5898348e+00
   2.0000000e+00  -3.5083917e-01  -2.0771468e+00   1.0674009e+00  -4.4579613e-01  -2.5644205e-01  -9.6726758e-01   9.2618149e-01  -1.0123462e+00  -2.2809620e-01   3.5882182e-01
   2.0000000e+00   5.2576177e-01  -2.2679774e+00   1.5076852e+00   1.2077368e+00  -1.5484558e+00   1.2156753e+00  -8.9354762e-01  -1.1014783e+00  -1.0989047e+00   3.3002329e-01
   2.0000000e+00   2.6185547e-01   7.3394753e-01  -1.0325077e+00  -4.1453919e-01  -3.6830768e-01  -2.2439577e-01  -1.2464312e+00   9.4604013e-01   1.7217428e+00  -1.5739547e+00
   1.0000000e+00   1.0197135e+00  -5.9312048e-01   5.6608340e-01  -6.8782226e-01  -1.0013489e-01  -1.2246517e+00   1.8721018e+00   7.8685001e-01  -5.0130562e-01  -1.7534980e-01
   2.0000000e+00  -8.8260606e-01  -8.6099937e-01   1.1283548e+00   7.9466220e-01   1.5626366e-01   1.1405795e+00   2.5720898e-01  -3.3121864e-01   1.0841343e+00  -9.8190784e-01
   2.0000000e+00   8.4157393e-01  -2.6221493e-01   1.3393981e+00  -1.6017206e+00   1.6060990e+00  -2.3647410e-01  -9.3612506e-01   1.1553514e+00  -1.7501074e-01  -1.0051903e+00
   2.0000000e+00  -1.3419141e+00  -1.5948256e+00  -1.3571259e+00   1.3551096e+00   6.4436480e-01   1.4108462e-01  -1.4393934e+00   9.8918498e-01   8.2418748e-01  -1.7016465e+00
   2.0000000e+00  -2.1536318e-01   2.7823366e-01  -1.8836854e+00   4.4770400e-01  -1.0777978e+00  -2.4664582e-02  -7.6260853e-01  -1.2418777e+00  -9.6449069e-01   1.0291041e+00
   2.0000000e+00  -1.7034311e-01  -1.9652329e-02  -5.1186187e-01  -3.6042117e-01  -3.9493995e-01  -7.4244801e-01  -2.9693967e-01   1.2647919e+00   6.6564530e-01  -1.8079591e+00
   1.0000000e+00   2.9240323e-01  -9.6425286e-01   7.1172073e-01   8.0508882e-02  -6.0765235e-02  -1.2918863e-01  -2.7086332e-01   5.2092864e-01   1.3248165e+00  -1.3958254e+00
   2.0000000e+00   3.9221037e-01   3.4928780e-01  -1.4076788e+00   5.5160640e-01  -1.5658797e+00  -9.3201397e-02   9.3616086e-02  -5.9880721e-01   1.2065593e+00  -3.0050734e+00
   1.0000000e+00   8.5645911e-01  -5.0993422e-01   6.8175221e-01   2.8270797e-01  -8.0662277e-01  -1.5044611e+00  -5.4172892e-01   1.3825242e-01   5.2429541e-01   1.1991919e+00
   2.0000000e+00  -9.7320112e-01   2.8034578e+00  -8.1492344e-02   9.5451687e-01   9.5227191e-01   3.8830634e-01  -1.5404087e+00  -5.1054385e-01  -1.2030165e-01   1.0026800e+00
   2.0000000e+00  -8.2973659e-01   1.7046594e+00  -1.2919117e+00   1.2012224e+00   2.4394335e-01   1.7290806e-01  -6.6739314e-01   1.1850907e+00   1.0818917e+00  -1.3859354e+00
   2.0000000e+00  -7.7371599e-01  -1.4852078e+00   8.7466843e-01   6.3689344e-01   2.3021759e-02   2.6018524e-01   5.2184910e-01  -1.5560416e-01   6.1619441e-01   2.0330192e+00
   2.0000000e+00   5.3396513e-01  -1.3737242e+00   2.0824339e+00  -7.2091765e-02  -3.2179117e-01   2.5554404e-01   1.5128044e+00  -1.8191659e+00  -2.0775934e-01  -1.6715963e-01
   1.0000000e+00   4.5235979e-01   2.6362167e-01   4.0409864e-01  -4.1939644e-01   1.6256533e-01  -2.7051455e-01   2.4339580e+00  -3.6750893e-01  -2.1636984e+00  -2.2601620e+00
   2.0000000e+00   1.3165741e-01   1.0701793e+00  -6.8791810e-01  -7.7867241e-01   1.1862858e+00   6.7977882e-01  -2.0860362e-01   8.1126883e-01   2.2955567e-01  -8.2016025e-01
   2.0000000e+00  -3.2264110e-01  -1.7961783e+00  -2.5989465e+00  -3.8263293e-01   3.3453689e-01  -1.2718607e+00   1.4782360e+00   5.0588051e-01  -6.5787340e-01   3.9488323e-01
   2.0000000e+00  -4.5406898e-01   7.2911707e-01  -9.0569702e-01  -7.9013413e-01   1.0166313e+00   2.8997371e-01   7.8505469e-02   1.0401635e+00  -1.3694751e-01   4.0512349e-01
   2.0000000e+00   1.1148708e+00  -4.8513402e-01   3.7893107e-01  -1.2217500e+00   5.6121043e-01  -9.6172046e-02   1.3656600e+00   4.8999072e-01  -6.9534496e-01  -7.3253459e-01
   1.0000000e+00  -6.8000144e-01  -1.0272368e+00   6.7380550e-01   5.0727085e-02  -3.5493608e-01  -8.3961506e-01   3.2962923e-02  -1.5059674e+00  -2.0106221e-01   3.8102579e-01
   2.0000000e+00  -8.2035272e-01   1.8827854e-01  -1.2911284e+00   6.0195043e-02  -4.2290369e-01   6.8241370e-01  -2.5103288e-01   4.0101220e-01   1.1286389e+00  -5.5921123e-01
   2.0000000e+00   5.3235501e-01  -7.9493162e-01  -1.9800243e-01   1.8147271e-01  -2.5542689e-02  -1.5829341e+00  -1.4484792e+00  -9.4760419e-01   1.0190580e+00  -8.1333565e-01
   1.0000000e+00   8.5811125e-01   1.4180109e-01   1.0212506e-01  -9.3766290e-02  -1.6798017e+00  -2.8644000e-02  -9.8962385e-01  -4.5780437e-01  -1.3142193e-02  -9.2549212e-04
   1.0000000e+00  -1.6017299e+00  -3.8570862e-01   2.5166618e-01  -9.6379026e-01   9.2522366e-01   1.3692166e+00   8.8977879e-01   2.2231799e-01   1.8101617e-01  -9.7530011e-01
   2.0000000e+00   1.8028174e+00  -1.7290148e+00   7.6195664e-01   9.5846725e-01   2.5259034e-01   1.2660470e+00   4.9850022e-02   6.1617742e-01   2.1417779e-01   1.0418244e+00
   2.0000000e+00   2.2994969e-01  -2.0812147e+00  -7.6491281e-01   1.7220419e-01  -1.9038041e-01  -2.9168531e-02  -1.6834388e+00   1.2477603e-01   1.5096430e-01  -1.0539987e-01
   2.0000000e+00  -1.3205669e+00  -1.8309585e+00  -1.2873887e+00   9.9758201e-01   1.0222706e+00  -3.2954345e-01  -5.2138644e-01  -6.0978313e-01  -1.0265470e+00   5.6990947e-01
   2.0000000e+00   6.3900516e-01   5.0793965e-01  -1.6425901e+00   6.2714433e-01  -1.6995993e+00   7.5074712e-01  -1.4567159e-01  -1.7110729e+00   1.2174755e+00  -4.2444307e-01
   2.0000000e+00   1.4450319e+00   1.8416791e-02  -1.1457526e+00   1.0409483e+00  -1.4247609e+00   2.3663930e-01   6.4251484e-01   9.4348429e-01  -7.4372592e-01  -1.7032416e+00
   2.0000000e+00  -2.4159297e+00   1.3790211e+00  -3.2973540e-01  -3.6515567e-01   2.0977794e-01  -7.8022988e-01  -1.6475663e-01  -2.7945639e+00  -2.6941444e-01   3.6810956e-01
   2.0000000e+00   9.0439201e-01  -1.2983134e+00   5.8354890e-01  -1.5060252e+00   7.0904202e-01   8.8443855e-01  -1.9687059e-01   5.9934434e-01   2.0325587e-01  -7.3962501e-01
   2.0000000e+00  -8.4079375e-01   3.0107995e-01   1.2028513e+00   3.6716144e-01  -1.4162772e-01   6.8428631e-01   5.4535226e-01  -1.2085721e-01  -5.3055613e-01   6.5799894e-01
   2.0000000e+00   3.8054404e-02   2.3187339e-01  -3.2909759e-01  -1.2701910e+00   4.3411363e-01  -6.2624488e-01   9.9050579e-01  -1.1923524e+00  -9.3910744e-01  -8.7954820e-02
   2.0000000e+00  -2.4030355e+00   4.2606402e-01   9.0510685e-01   5.5805118e-01   1.7294820e+00   4.3216620e-01  -4.0913824e-01  -4.7549343e-01   1.0666902e+00   3.2142599e-01
   2.0000000e+00   1.0436835e-01   4.1141864e-01  -2.5194963e+00   9.9294967e-01  -9.3391770e-02   3.3465887e-01  -1.6392756e+00  -7.6043078e-02   5.0040468e-01  -1.5090041e+00
   2.0000000e+00  -1.8336409e-01  -1.5112767e+00  -4.1584656e-01  -2.8747738e+00  -1.0914882e+00   3.2606399e-03   9.9415705e-01   1.9470520e+00   2.3422006e-01   5.5426945e-01
   2.0000000e+00  -1.1150497e-01   2.0254979e+00  -8.1826232e-01   7.1114864e-01   4.0677349e-01  -1.0963918e+00  -1.2347125e+00   4.0551223e-01  -1.9745291e+00   9.5181708e-01
   2.0000000e+00  -2.1485744e+00  -5.1530918e-01   7.6266860e-01  -7.0223164e-01  -6.1146336e-01  -1.5546119e+00  -1.1890052e+00   5.3865877e-01   6.2180002e-01  -1.6042668e-02
   2.0000000e+00  -1.6624583e-01  -9.9113854e-01  -2.4516988e-02   4.5157351e-01  -2.2034560e+00   1.0127504e+00  -1.5113442e+00  -5.3005372e-01   9.0548437e-01   1.4444193e+00
   1.0000000e+00  -9.0369749e-01   1.1167938e+00   3.6922321e-01  -7.4781869e-01   1.7636856e+00  -3.0244769e-01  -6.6271952e-01  -1.9066328e-01  -4.1139853e-01   8.9815071e-01
   2.0000000e+00  -7.9778360e-01  -4.0515615e-01   1.7692329e+00  -3.4874635e-01  -7.4943353e-01   4.8789203e-01   1.0319267e+00   1.5471327e+00   6.8664372e-01  -7.1810675e-01
   2.0000000e+00   1.8522408e+00  -1.3370981e+00  -6.2612705e-01  -2.2692236e-01  -1.4777323e+00   2.0674418e+00  -2.3488866e-01  -9.2259053e-01   3.6752442e-01   8.7107779e-02
   2.0000000e+00  -1.2610200e+00   9.3036669e-01   1.0041229e+00  -3.8673029e-01  -5.0130387e-01   2.7293548e-01  -8.0876033e-01  -8.9506405e-01  -2.3189596e-01  -1.0636513e-01
   2.0000000e+00   1.9532672e+00   4.5976086e-01  -7.7064540e-01  -6.7940679e-02  -7.4460864e-01   3.8430050e-01  -2.4606373e+00  -1.0639457e+00   8.7282507e-01   1.2340211e+00
   2.0000000e+00  -1.7894893e+00  -1.1384160e+00   5.5126146e-01   8.7975812e-01  -1.0981043e+00  -6.9001521e-01   3.0523201e-01   1.6139348e+00  -1.5470922e+00   7.8909973e-01
   1.0000000e+00  -2.0786334e+00   1.5176062e+00   5.9286070e-01  -5.8848237e-01   6.0780303e-01   1.4931824e+00  -4.2848141e-02  -1.0234862e+00  -4.2284798e-01   6.5742771e-01
   1.0000000e+00  -1.2706963e-01  -4.0422893e-01   2.8455010e-01   3.5501163e-01   5.0911690e-01  -5.9238967e-01   9.3458911e-01   5.2737701e-01  -5.7626771e-01  -3.8723506e-02
   2.0000000e+00  -1.6341315e+00   8.2219406e-01  -1.4053061e+00  -1.5589699e+00   7.0402177e-01  -4.2669150e-01   4.1108899e-02  -2.0426642e+00  -6.6710056e-01   6.9734373e-01
   1.0000000e+00   1.9990468e+00   1.2954251e+00   3.1310042e-01  -4.0800247e-01  -5.3908823e-01  -1.5696532e+00  -2.0794350e+00   1.0050041e-01   3.0677738e-01   4.7939294e-01
   1.0000000e+00   1.3304699e+00  -1.3116212e+00   2.7171964e-01   5.6302034e-01   7.4492179e-01   2.8428010e-01  -3.2084371e-01   9.4409625e-02  -1.5286511e-01   2.9534750e-01
   2.0000000e+00   9.1782557e-01   4.5117242e-01  -1.5150865e-01  -1.8172477e+00  -1.4875058e+00  -6.5007948e-01  -3.4134735e-01   5.2152550e-01   4.8440428e-01  -6.4313828e-01
   2.0000000e+00   4.0720839e-01  -4.9919358e-01   4.8361631e-01   1.0508170e+00   4.7015304e-01   2.4184493e+00   4.2485983e-02  -1.2090792e-01   5.7591639e-01   6.4425342e-01
   2.0000000e+00  -3.2260629e+00  -4.1840480e-01  -1.9443446e-01  -1.3182730e-01   9.9853726e-01   1.5567085e-02   3.0787780e-01  -5.9281737e-02  -1.0807796e+00   7.7837489e-01
   1.0000000e+00  -4.4457978e-01  -1.1847854e-01   3.2129800e-02   8.5408948e-01   7.7394700e-01   6.9360683e-01   1.3485892e+00   1.4119690e+00  -4.1193336e-01  -2.1231696e+00
   2.0000000e+00  -2.5125591e-01   3.3502738e-01   1.3435757e+00   2.0629569e+00  -8.5629067e-01   1.9308983e+00   1.2602404e-01  -4.3703249e-01   7.6596425e-01  -1.5038742e+00
   2.0000000e+00   1.4709212e+00  -3.6100213e-01  -5.8711033e-01  -5.6991404e-01   6.0258679e-01   7.7656255e-01  -1.2947775e+00   7.5417149e-01  -4.8380704e-01   3.6538937e-01
   1.0000000e+00   3.1224886e-01   1.2483431e+00   3.7718819e-01   5.6930430e-01   1.5194101e-02   2.3520357e-01  -4.8036868e-01  -1.9440695e+00  -6.5757370e-01   6.3641221e-01
   2.0000000e+00  -6.0899683e-01  -1.3515103e-01  -5.6132338e-01   4.3599147e-01  -2.3981114e+00   6.5693411e-01  -6.5847523e-01   3.2936249e-01   9.8773201e-02  -8.4001727e-01
   1.0000000e+00   2.4280272e+00   2.4452607e-01   3.5629707e-01  -1.9318787e-01   2.1649442e-01  -9.2529970e-01   2.2506034e-01  -2.4573154e-01   5.8998171e-01  -2.9159721e-01
   2.0000000e+00   9.9173846e-01  -5.3848390e-01  -7.2510780e-01   7.3870067e-01   1.1451616e+00  -7.0152150e-01   2.3252421e+00  -2.5482429e+00   2.2660648e+00   4.3022049e-01
   2.0000000e+00  -1.9936934e+00  -1.3790794e+00   1.1205571e+00  -1.1456132e-01  -1.2406460e+00  -2.3180979e-01  -1.6871244e+00  -1.7401853e+00  -3.0684445e-01  -5.1017766e-02
   2.0000000e+00  -7.2746727e-01  -7.2590016e-01  -8.1338753e-02  -2.4337478e-01  -6.3362145e-01   4.3591207e-01   7.4400340e-01  -6.3672157e-01  -4.7132620e-01  -2.1003844e+00
   1.0000000e+00  -4.1443686e-01   7.5307481e-02   6.7865129e-01   5.8433427e-01  -2.4351420e-02  -3.9492274e-01  -7.3795676e-01  -1.4579546e+00   3.2350726e-01   8.2008754e-02
   2.0000000e+00   1.6814613e+00  -1.4675599e+00   2.1814880e-01   2.3070501e+00  -2.1722383e-02  -1.5193546e+00  -2.7380777e-01  -1.0304672e+00   5.4738546e-01   1.0229853e-01
   2.0000000e+00  -6.3785926e-01   6.4671971e-02   1.9145529e+00   3.4386783e-01  -5.5755714e-01  -1.9512645e+00   4.2026384e-01   3.6255695e-01   1.5135570e-01  -1.7863924e+00
   2.0000000e+00   4.3014839e-01   7.4480882e-01  -1.1025345e-01   9.9472964e-01  -1.2545397e+00   2.1714868e-02   1.7952822e+00  -7.2917952e-01  -1.5245636e+00  -2.6150730e-01
   2.0000000e+00  -3.7657476e-01   1.8417578e-02  -5.7042349e-01   5.7966073e-01  -1.3533697e+00   1.5430628e-01   1.3647190e+00   1.4579993e+00  -8.5566532e-01   1.0861145e+00
   2.0000000e+00  -1.6651737e-01   7.1115385e-01  -6.6059452e-01   1.9480051e-01  -6.8259817e-01  -1.0826179e+00  -1.0117887e+00  -6.2573489e-01  -4.1427031e-01  -1.5338534e+00
   2.0000000e+00  -1.1952229e+00   7.5634589e-01   6.8313911e-01  -8.2575470e-01  -4.3282699e-01  -1.6547382e+00   3.9432291e-01   9.8596152e-01  -3.2914782e-01   3.2738939e-01
   2.0000000e+00   8.6593095e-01  -5.7454861e-01   5.7098376e-02  -1.0522536e+00   1.9823336e-01   1.1748681e+00   1.5059675e+00  -6.1504809e-01  -3.6155573e-01  -7.0852063e-01
   2.0000000e+00   1.2000528e+00  -1.8612444e+00   2.7125287e-01  -1.8081351e+00   1.7495508e+00   8.2816661e-01   6.8932862e-01  -3.6363191e-01   5.1603800e-01  -1.9622866e-01
   2.0000000e+00  -6.3345305e-01  -2.9774940e-01  -9.2136010e-01   2.2394551e-01  -2.1793703e-01  -2.7424142e-02   2.4127099e-01  -8.8805215e-01   5.3797452e-01   3.1050039e-01
   2.0000000e+00   4.9097030e-01  -6.8124021e-01  -1.0313416e+00   1.7383730e-01   3.1864667e-01  -8.0179918e-01   4.0345796e-01  -7.3928050e-01   1.3459369e+00   9.4498846e-01
   2.0000000e+00  -1.1652018e+00   1.9486013e-02   1.4699036e+00  -7.1269059e-01   1.6866299e+00   7.3833022e-01  -1.2447243e+00  -4.1080381e-01   6.5543662e-02  -2.5754135e+00
   2.0000000e+00   1.1065179e+00   1.2783378e+00   9.8204933e-01   1.2764296e+00   3.4942449e-01   1.4721373e+00  -9.0407689e-01  -6.7080680e-01  -1.7447430e+00  -7.5012204e-01
   2.0000000e+00  -2.6225210e-01   1.3164512e+00  -8.6306854e-01   5.1693865e-01  -5.6982635e-01   4.5890961e-02   7.9020984e-01   2.1600412e+00   2.2687547e-01  -9.1261757e-01
   2.0000000e+00  -6.1665537e-01  -1.5399409e+00   3.7625945e-01   2.5923189e+00   6.2144094e-02  -5.8291318e-01  -2.4940775e-01   1.0676929e+00   2.1708448e+00  -5.7562779e-01
   2.0000000e+00  -6.1483190e-01   2.1979736e-01  -9.1347094e-01   6.5990317e-01  -1.2516019e+00  -8.7927636e-01  -1.7340631e+00   1.3218750e+00  -3.6183306e-01   2.2413871e-01
   2.0000000e+00   1.0159686e+00  -3.9644233e-01  -2.6843490e-01  -3.5481098e-01   6.6075490e-01   1.5128519e-01  -9.8762332e-01   1.1855390e+00   4.4378019e-01   1.2498678e+00
   2.0000000e+00   1.5064287e+00   2.5477572e+00  -1.3495892e-01  -1.3924178e+00   1.9908475e+00  -1.0100748e+00   4.8340684e-02   5.7335096e-01   4.0418357e-01  -3.9998174e-01
   1.0000000e+00   5.9930386e-01  -1.0797919e+00   5.3322894e-01  -5.0689092e-01   2.5145296e-01  -2.0321431e+00  -1.3090501e-01   7.5326508e-02  -6.5082558e-01   7.9151401e-01
   2.0000000e+00   2.2110333e-01  -1.3431369e+00  -1.2517273e+00  -3.1758524e-01   2.9674270e+00  -2.4823420e-01   7.5142857e-01  -4.1742791e-01   2.7508243e-01  -1.2615416e+00
   2.0000000e+00   1.3709242e-01  -7.9611840e-01  -8.7462573e-01   8.5186074e-01   5.7161866e-01  -9.8868607e-01   2.7504269e-01  -1.5742605e+00   9.1807318e-01  -6.1547214e-02
   2.0000000e+00  -2.3941020e+00  -8.0960925e-02  -2.8136479e+00   9.5331476e-01   9.8266700e-01  -7.6810700e-02   8.9537887e-01  -2.5592632e+00  -1.9397238e+00  -5.1502886e-01
   2.0000000e+00  -1.5596039e+00   1.2277966e+00   1.6292875e+00   1.3323988e+00   1.1963577e+00  -1.7635850e+00   3.6016068e-01   1.4480296e+00  -8.5560976e-01  -3.6011792e-01
   2.0000000e+00  -5.3191167e-01   1.1678089e+00  -4.0529643e-01  -1.1791576e+00   1.2691897e-01  -5.4824093e-01  -1.6914331e-01   2.5921203e-02  -1.4076225e+00  -1.6371942e-01
   1.0000000e+00  -2.3366736e-01   1.4884138e+00   4.8273004e-01   8.1851377e-01  -5.6339701e-01  -5.9363486e-01   2.5285305e-01   6.9589012e-01  -9.6716089e-01  -1.1440519e+00
   2.0000000e+00  -2.7097553e-01  -1.1366533e+00  -1.1923134e+00   9.3659597e-01   2.0810304e+00   1.2771821e+00   6.4377614e-01   4.2123168e-02   1.2240669e+00   1.1505797e+00
   2.0000000e+00  -2.2468027e+00  -1.3465755e-01  -1.0670725e+00  -1.3275107e+00   3.0141120e-01   3.1066569e-01  -9.8294936e-01  -3.1056658e-01  -3.9518577e-01   6.1083125e-01
   2.0000000e+00   5.1916433e-01   3.4693370e-01  -1.5141173e+00   1.6841753e+00   4.0442268e-01  -7.6017818e-01  -3.9557733e-02   4.9338963e-02   2.2953161e-01  -3.6278400e-01
   1.0000000e+00   3.6940173e-01   8.4473851e-01   3.3806109e-02   7.2171284e-01  -9.5524250e-01   3.8008538e-01   5.3860254e-01  -6.3562742e-01  -6.8822997e-01  -1.4640133e-01
   1.0000000e+00   1.2295427e+00   9.1370040e-02   9.7509190e-01   1.5674532e-01  -3.5922678e-01   6.3289019e-01  -6.2585585e-02  -5.6588052e-01  -1.0805992e+00  -1.0805207e+00
   2.0000000e+00   1.0868593e+00  -8.3195003e-01   1.3828902e+00   1.1135261e+00  -8.9245662e-01   1.9272843e-01   1.0547894e+00   9.7277401e-01  -1.3438171e+00  -5.9301226e-01
   2.0000000e+00   1.6917494e+00  -1.0711247e+00  -8.3075586e-02   4.3507321e-01   5.3176980e-01  -2.5886426e-01   1.1742393e+00  -3.3729765e-02  -1.2008241e+00  -1.1801678e+00
   2.0000000e+00   1.1865065e+00   1.7042340e+00  -1.1856074e+00   8.6635317e-01  -8.9199101e-01   9.9225732e-01   2.1214551e+00   3.1888114e-01  -3.0776413e-01  -6.5648831e-01
   2.0000000e+00  -7.1113633e-01  -3.3392055e-01   8.7885167e-01   1.7584653e+00  -1.3206728e-01   1.7172713e+00  -1.1867035e+00  -1.3524119e+00  -1.8355674e+00  -2.0202247e-03
   2.0000000e+00   1.7190328e-01   3.9715933e-01  -2.1131525e-01  -2.2347280e-01  -1.2938447e+00   6.3223650e-01  -1.3880889e+00  -1.0954684e+00   8.7128338e-01  -3.8559191e-01
   2.0000000e+00  -3.3205046e-01  -1.3976166e+00   6.9981596e-01  -8.1161070e-01   2.6362522e+00   3.0179304e-01  -1.5370019e+00   1.5041247e+00   6.7023549e-02  -7.3334696e-01
   2.0000000e+00   2.5160540e-01  -7.7262044e-01  -7.3989522e-02  -1.1039765e+00  -2.5049765e-01   1.2387337e+00   3.8942148e-01   7.2511042e-01   4.4591537e-02  -2.7630447e-01
   1.0000000e+00   1.0330038e+00   2.9554715e-01   7.7273254e-01  -1.7520757e-01   1.8392093e+00  -3.2832781e-01  -8.0134872e-01  -6.8605213e-01   1.3208888e-01  -7.9676961e-01
   2.0000000e+00  -1.4990536e-01   1.5141347e-01  -1.3464838e+00  -3.7250770e-01  -1.5521071e+00  -7.7712376e-01  -1.7007526e+00  -1.5960912e+00   3.7644020e-01   6.0673705e-01
   2.0000000e+00  -1.8226524e+00  -4.8512460e-01  -1.3601005e+00  -3.5059953e-01   1.2470501e+00   3.5789607e-01  -2.6508357e-01   1.2166552e+00   8.2291994e-01   9.7068657e-02
   2.0000000e+00  -1.2109935e+00   1.1699438e+00  -2.3594398e+00   2.2073141e+00   2.0326190e+00   2.4496507e-01  -4.3969441e-01  -2.4021793e-01   8.2542317e-02   3.8113696e-01
   2.0000000e+00  -1.4440737e+00   1.1568834e+00   1.3206309e+00   6.1759344e-01  -8.8088553e-01  -1.6350665e+00   1.3218244e+00   9.5593987e-01  -7.3840545e-01  -8.6180795e-02
   2.0000000e+00   1.6692642e+00   1.0261337e+00   3.4722349e-02   1.6022584e+00  -1.9078352e+00   5.3932541e-01   1.2935891e+00   1.9427273e+00  -1.5892074e-01   3.6700518e+00
   2.0000000e+00  -1.2691191e-01  -1.4469660e+00  -1.1706152e+00   3.2402075e-01  -6.3547631e-01   1.8315150e-01  -4.7578123e-01   1.5514502e+00  -1.9615606e+00   7.1789341e-01
   2.0000000e+00   1.8798286e+00   9.5712503e-01  -2.6659721e-01   1.0379835e+00   1.1104406e+00   6.7866508e-01  -9.3174315e-01  -1.1091839e+00  -1.1576898e+00   1.0478050e+00
   2.0000000e+00  -1.2764148e+00   8.8466277e-01  -9.5669449e-01   7.2336356e-01  -2.2326446e-01   7.3329680e-01  -1.6926148e+00  -7.8045764e-02   6.8160495e-01  -2.8630209e-01
   2.0000000e+00  -7.5991773e-01   1.2752602e+00  -5.4108824e-01  -2.7487135e-01  -6.6747135e-01  -8.2675193e-02   5.3294952e-01   3.0266608e-02   3.8020505e-01   6.1747527e-02
   2.0000000e+00  -7.9198476e-01  -1.0127734e+00  -9.1634262e-01   1.3740186e+00  -1.3451317e+00   1.0398176e+00   5.3257614e-01  -1.3754204e+00  -5.3902821e-01  -3.1810990e-01
   2.0000000e+00   2.0403957e+00  -1.0321505e+00   1.1536615e-01  -1.5425205e+00   9.3942253e-01  -1.5049839e+00  -1.3958659e+00  -1.2611734e+00  -9.5059113e-01  -6.9059741e-01
   2.0000000e+00  -3.6161986e-01   6.1669251e-01  -1.5153300e-01  -2.8427346e-01   7.1659488e-01   1.5221367e-02   1.6797160e+00  -6.9204205e-01  -4.3768244e-01  -2.3472422e-01
   2.0000000e+00  -6.8255762e-01  -1.8784017e+00   3.5885717e-01  -1.9988758e+00   2.4263050e-01   1.1124458e+00  -1.2991834e+00  -9.1619541e-01   1.6781403e+00  -7.1169495e-01
   2.0000000e+00   6.8542859e-02   1.9252320e-01  -7.7124426e-01  -2.4044799e-01  -1.1918699e+00  -6.4366315e-01  -3.7155164e-01   5.7046138e-01   1.2394035e+00   9.2973953e-01
   2.0000000e+00   8.7745270e-01  -6.8102868e-01  -7.5520245e-01  -2.3375610e+00   7.5330465e-02   9.5241346e-01   9.4411314e-01  -8.6140853e-01  -1.0631556e+00  -1.0543960e+00
   2.0000000e+00   9.8377323e-01   1.8409075e+00   3.9746969e-01   2.1771092e+00  -7.0328803e-01  -9.3285648e-01  -1.0295986e+00  -1.6414388e-01   1.5830505e-02  -3.7561007e-01
   2.0000000e+00   2.5091030e-02  -6.0835710e-01  -7.3484059e-03  -1.2506850e+00  -2.1860949e+00   1.6814962e+00  -5.7863674e-01  -8.7283385e-01   8.7403015e-01   8.0730047e-01
   1.0000000e+00   1.7267129e+00  -3.9901744e-01   2.8290252e-01   3.6798564e-01   9.5210162e-02  -1.9961068e+00  -4.6515055e-01  -1.1614667e+00   5.1952276e-01   5.2471670e-01
   2.0000000e+00   1.0431408e-01   5.2761698e-01  -6.3914311e-01  -2.7515443e+00   3.8695698e-01   7.3196324e-01   7.0264821e-01  -2.3204082e+00  -4.1049771e-01   4.6381455e-01
   2.0000000e+00   5.1053428e-01   4.0709966e-01  -2.3640227e-01  -3.0660839e-01   1.9653258e+00  -8.6221616e-01   4.3685926e-01  -8.4327837e-01  -4.6811132e-01   5.1605261e-01
   1.0000000e+00  -2.4440118e-01   1.0843128e+00   2.8999901e-01  -6.2961163e-02  -1.1487624e+00  -3.3771306e-01  -1.0974316e+00   9.2146483e-01   2.9651158e-01  -1.0034599e-01
